0.02043217     0.06150977
0.04086415     0.06175964
0.06129622     0.06186396
0.08172840     0.06195299
0.10216037     0.06205422
0.12259254     0.06211296
0.14302451     0.06204851
0.16345659     0.06213764
0.18388876     0.06235615
0.20432073     0.06221428
0.22475280     0.06240415
0.24518497     0.06206767
0.26561694     0.06227902
0.28604901     0.06226867
0.30648118     0.06219367
0.32691324     0.06208693
0.34734531     0.06199054
0.36777738     0.06192667
0.38820945     0.06192561
0.40864151     0.06173893
0.42907358     0.06157955
0.44950564     0.06146487
0.46993781     0.06130665
0.49036977     0.06105997
0.51080184     0.06084165
0.53123400     0.06084717
0.55166597     0.06067191
0.57209813     0.06038198
0.59253019     0.06005934
0.61296215     0.05992783
0.63339432     0.05958109
0.65382638     0.05938657
0.67425834     0.05910080
0.69469050     0.05876190
0.71512256     0.05839513
0.73555452     0.05795995
0.75598668     0.05766779
0.77641874     0.05727605
0.79685080     0.05674090
0.81728285     0.05639068
0.83771491     0.05590575
0.85814697     0.05562598
0.87857902     0.05531059
0.89901108     0.05491924
0.93987519     0.05291653
0.96030725     0.05227211
0.98073940     0.05162364
1.00117136     0.05099752
1.02160341     0.05057094
1.04203556     0.05000559
1.06246752     0.04949154
1.08289957     0.04897496
1.10333172     0.04828816
1.12376367     0.04760098
1.14419582     0.04716773
1.16462787     0.04654006
1.18505982     0.04619216
1.20549197     0.04572107
1.22592402     0.04512552
1.24635597     0.04473243
1.26678812     0.04408270
1.28722017     0.04358858
1.30765222     0.04301897
1.32808426     0.04254294
1.34851631     0.04210224
1.36894836     0.04150815
1.38938040     0.04093158
1.40981245     0.04038084
1.43024450     0.03993017
1.45067664     0.04070677
1.47110858     0.04198214
1.49154073     0.04300320
1.51197267     0.04272023
1.53240471     0.04601138
1.55283686     0.04651983
1.57326880     0.04482698
1.59370084     0.04302178
1.61413298     0.04145880
1.63456492     0.04036004
1.65499697     0.03918618
1.67542911     0.03815603
1.69586105     0.03724394
1.71629308     0.03610957
1.73672522     0.03512975
1.75715716     0.03427030
1.77758920     0.03336199
1.79802134     0.03249442
1.81845338     0.03176456
1.83888531     0.03103634
1.85931745     0.03029545
1.87974948     0.02974491
1.92061356     0.02863047
1.94104559     0.02805699
1.96147762     0.02747887
1.98190966     0.02669559
2.00234169     0.02610847
2.02277383     0.02551070
2.04320576     0.02297099
2.06363779     0.01781473
2.08406992     0.01216213
2.10450185     0.00488547
2.12493389     -0.00396471
2.14536602     -0.01367781
2.16579795     -0.02404868
2.18622998     -0.03495974
2.20666211     -0.04683805
2.22709403     -0.05970392
2.24752606     -0.07081104
2.26795819     -0.08044266
2.28839012     -0.08671278
2.30882225     -0.09023048
2.32925417     -0.09274812
2.34968620     -0.09480668
2.37011833     -0.09731978
2.39055035     -0.09958001
2.41098228     -0.10199091
2.43141440     -0.10505320
2.45184643     -0.10699437
2.47227835     -0.10860254
2.49271047     -0.10940624
2.51314250     -0.10956805
2.53357442     -0.10858977
2.55400654     -0.10678244
2.57443857     -0.10567855
2.59487049     -0.10408073
2.61530261     -0.09924595
2.63573463     -0.09056386
2.65616665     -0.07998328
2.67659867     -0.06874591
2.69703069     -0.05638983
2.71746271     -0.04455072
2.73789473     -0.03371060
2.90135096     0.01212990
2.92178298     0.01197148
2.94221489     0.01192794
2.96264701     0.01179720
2.98307902     0.01175800
3.00351093     0.01162368
3.02394305     0.01147407
3.04437496     0.01134449
3.06480697     0.01128798
3.08523908     0.01118394
3.10567100     0.01129649
3.12610301     0.01133830
3.14653512     0.01136191
3.16696703     0.01129939
3.18739904     0.01126020
3.20783115     0.01138649
3.22826316     0.01148442
3.24869516     0.01159533
3.26912717     0.01159562
3.28955918     0.01175791
3.30999129     0.01189823
3.33042320     0.01210600
3.35085520     0.01225271
3.37128731     0.01232770
3.39171921     0.01253509
3.41215122     0.01257960
3.43258332     0.01266060
3.45301523     0.01287892
3.47344723     0.01318656
3.49387934     0.01362959
3.51431124     0.01419610
3.53474324     0.01455948
3.55517535     0.01486538
3.57560725     0.01511003
3.59603925     0.01536899
3.61647135     0.01561305
3.63690325     0.01582315
3.65733525     0.01621333
3.67776735     0.01635511
3.69819935     0.01669197
3.71863135     0.01705642
3.73906335     0.01684613
3.75949525     0.01799289
3.77992735     0.01811047
3.80035935     0.01769483
3.82079124     0.01721910
3.84122334     0.01679997
3.88208723     0.01627353
3.90251933     0.01650675
3.92295133     0.01683762
3.94338322     0.01716432
3.96381532     0.01748696
3.98424731     0.01788383
4.00467920     0.01835811
4.02511130     0.01868221
4.04554329     0.01927755
4.06597528     0.01985026
4.08640728     0.02033732
4.12727126     0.01871192
4.14770335     0.01900127
4.16813524     0.01915756
4.18856723     0.01934259
4.20899932     0.01962729
4.22943121     0.01989603
4.24986330     0.02023280
4.27029529     0.02054141
4.29072718     0.02094486
4.31115927     0.02132353
4.33159125     0.02159604
4.35202314     0.02192217
4.37245523     0.02236577
4.39288721     0.02275306
4.41331910     0.02291912
4.43375119     0.02298851
4.45418317     0.02338073
4.47461506     0.02371692
4.49504714     0.02395546
4.51547912     0.02452362
4.53591101     0.02514113
4.55634309     0.02562131
4.57677507     0.02583847
4.61763904     0.02470923
4.63807102     0.02497294
4.65850290     0.02511974
4.67893498     0.02519716
4.69936696     0.02542738
4.71979884     0.02564986
4.74023092     0.02588831
4.76066290     0.02606841
4.78109498     0.02650737
4.80152686     0.02674533
4.82195884     0.02710049
4.84239092     0.02749455
4.86282279     0.02790361
4.88325477     0.02816238
4.90368685     0.02849363
4.92411872     0.02888276
4.94455070     0.02940049
4.96498278     0.03002739
4.98541475     0.03042213
5.00584663     0.03083690
5.02627870     0.03122892
5.04671067     0.03157547
5.06714255     0.03155060
5.10800659     0.02951662
5.12843847     0.02960536
5.14887054     0.02997591
5.16930251     0.03018813
5.18973438     0.03025810
5.21016645     0.03065351
5.23059842     0.03079441
5.25103039     0.03097876
5.27146236     0.03120144
5.29189423     0.03158708
5.31232630     0.03197630
5.33275827     0.03243897
5.35319014     0.03263426
5.37362221     0.03286777
5.39405418     0.03308513
5.41448614     0.03298864
5.43491811     0.03267316
5.45535008     0.03244952
5.47578204     0.03214720
5.49621401     0.03193353
5.51664597     0.03166014
5.53707794     0.03140089
5.55751000     0.03116912
5.59837383     0.03008468
5.61880589     0.02994774
5.63923776     0.02975652
5.65966972     0.02971230
5.68010178     0.02966197
5.70053364     0.02967088
5.72096560     0.02979823
5.74139767     0.02984275
5.76182953     0.02980317
5.78226159     0.02980984
5.80269355     0.02980617
5.84355747     0.02733187
5.86398942     0.02708404
5.88442138     0.02703362
5.90485334     0.03217488
5.92528530     0.04120322
5.94571726     0.04044994
5.96614921     0.03352070
5.98658117     0.02989500
6.00701303     0.02848686
6.02744508     0.02727652
6.04787704     0.02643208
6.06830889     0.02562344
6.08874095     0.02490665
6.10917290     0.02449497
6.12960476     0.02395701
6.15003681     0.02357253
6.17046876     0.02328705
6.19090062     0.02306254
6.21133267     0.02293712
6.23176462     0.02270245
6.25219657     0.02247910
6.27262852     0.02214513
6.29306047     0.02200675
6.31349252     0.02187504
6.33392437     0.02183565
6.35435632     0.02180614
6.37478837     0.02178765
6.39522032     0.02183304
6.41565217     0.02189401
6.43608422     0.02196271
6.45651617     0.02136853
6.47694802     0.02085660
6.49738006     0.02055699
6.51781201     0.02017987
6.53824386     0.01967800
6.57910785     0.01719006
6.59953969     0.01705913
6.61997174     0.01682320
6.64040368     0.01669768
6.66083563     0.01637785
6.68126757     0.01622572
6.70169952     0.01598795
6.72213146     0.01585992
6.74256340     0.01580137
6.76299534     0.01588663
6.78342719     0.01594440
6.82429117     0.01461881
6.84472311     0.01445719
6.86515505     0.01422310
6.88558699     0.01413359
6.90601903     0.01412449
6.92645087     0.01430526
6.94688281     0.01409604
6.96731485     0.01386078
6.98774669     0.01350050
7.00817863     0.01338195
7.02861066     0.01324695
7.04904250     0.01362514
7.06947444     0.01335930
7.08990648     0.01345676
7.11033831     0.01260448
7.13077025     0.00106836
7.15120228     -0.02395849
7.17163412     -0.05838065
7.19206605     -0.10026139
7.21249809     -0.14776328
7.23293002     -0.19918928
7.25336186     -0.25362268
7.27379389     -0.30916022
7.29422582     -0.36400743
7.31465775     -0.41596916
7.33508969     -0.46184367
7.35552162     -0.49649673
7.37595355     -0.51056602
7.39638548     -0.51039570
7.55984092     -0.50843135
7.58027285     -0.50819344
7.60070477     -0.50788299
7.62113670     -0.50768891
7.64156863     -0.50753199
7.80502413     -0.26295160
7.82545596     -0.20810352
7.84588798     -0.15550619
7.86631990     -0.10650054
7.88675172     -0.06273330
7.90718375     -0.02578818
7.92761567     0.00225073
7.94804749     0.01802454
7.96847951     0.02042770
7.98891143     0.02092240
8.00934325     0.02129208
8.02977527     0.02181030
8.05020719     0.02210971
8.07063911     0.02271300
8.09107103     0.02334850
8.11150295     0.02378563
8.13193487     0.02428962
8.15236679     0.02477445
8.17279870     0.02533990
8.19323062     0.02598373
8.21366254     0.02625160
8.23409446     0.02672211
8.25452627     0.02715507
8.29539020     0.02564619
8.31582222     0.02573309
8.33625403     0.02596844
8.35668595     0.02653485
8.37711796     0.02693162
8.39754978     0.02733874
8.41798169     0.02774945
8.43841370     0.02822296
8.45884552     0.02860637
8.47927743     0.02911221
8.49970944     0.02961572
8.52014125     0.02995974
8.54057316     0.03035555
8.56100517     0.03082015
8.58143708     0.03118702
8.60186890     0.03177230
8.62230091     0.03249578
8.64273282     0.03309693
8.66316462     0.03370215
8.68359663     0.03445543
8.70402854     0.03498517
8.72446035     0.03560238
8.74489236     0.03613193
8.78575627     0.03478427
8.80618808     0.03535852
8.82661999     0.03581945
8.84705199     0.03638654
8.86748380     0.03692430
8.88791570     0.03782603
8.90834761     0.03844654
8.92877951     0.03911360
8.94921142     0.03964450
8.96964332     0.04011714
8.99007523     0.04055852
9.01050713     0.04100348
9.03093903     0.04136280
9.05137094     0.04189815
9.07180284     0.04233527
9.09223484     0.04305110
9.11266664     0.04392854
9.13309854     0.04469198
9.15353054     0.04543704
9.17396235     0.04615916
9.19439425     0.04688099
9.21482625     0.04720024
9.23525805     0.04798565
9.27612194     0.04577197
9.29655374     0.04625003
9.31698574     0.04650444
9.33741764     0.04685428
9.35784944     0.04712882
9.37828143     0.04751659
9.39871333     0.04786391
9.41914523     0.04821868
9.43957712     0.04851945
9.46000902     0.04883058
9.48044091     0.04907086
9.50087281     0.04945766
9.52130470     0.04996534
9.54173660     0.05039762
9.56216859     0.05081597
9.58260039     0.05127477
9.60303228     0.05165644
9.62346417     0.05206579
9.64389607     0.05258924
9.66432786     0.05304262
9.68475985     0.05343136
9.70519174     0.05389219
9.72562374     0.05423370
9.76648742     0.05414351
9.78691941     0.05459699
9.80735120     0.05492998
9.82778309     0.05518469
9.84821508     0.05556830
9.86864687     0.05590139
9.88907876     0.05607307
9.90951074     0.05652229
9.92994263     0.05688780
9.95037442     0.05729057
9.97080641     0.05731912
9.99123830     0.05759947
10.01167008     0.05786056
10.03210207     0.05797979
10.05253395     0.05828868
10.07296574     0.05849588
10.09339773     0.05868836
10.11382961     0.05902774
10.13426140     0.05935212
10.15469338     0.05978876
10.17512527     0.06017479
10.19555725     0.06053546
10.21598903     0.06079878
10.25685290     0.05856487
10.33858033     0.05884765
10.35901221     0.05883090
10.37944419     0.05903964
10.39987597     0.05906200
10.42030785     0.05899774
10.44073973     0.05912316
10.46117161     0.05946806
10.48160349     0.05919535
10.50203547     0.05917300
10.52246725     0.05928061
10.54289912     0.05956706
10.56333110     0.05977018
10.58376288     0.06000563
10.60419486     0.05996363
10.62462673     0.05997215
10.64505851     0.05986589
10.66549049     0.05983667
10.68592236     0.05983570
10.70635414     0.05964757
10.74721799     0.05640848
10.76764986     0.05654706
10.78808174     0.05630977
10.80851361     0.05605400
10.82894549     0.05557740
10.84937736     0.05519756
10.86980923     0.05465283
10.89024111     0.05423399
10.91067298     0.05394251
10.93110485     0.05365074
10.95153672     0.05330642
10.97196869     0.05318188
10.99240046     0.05318120
11.01283233     0.05309778
11.03326431     0.05302985
11.05369608     0.05274146
11.07412805     0.05256514
11.09455992     0.05224569
11.11499168     0.05169244
11.13542365     0.05116068
11.15585542     0.05025459
11.17628729     0.04935034
11.19671926     0.04863326
11.23758289     0.04660664
11.25801486     0.04633877
11.27844663     0.04634496
11.29887849     0.04618674
11.31931046     0.04609742
11.33974232     0.04562100
11.36017409     0.04536852
11.38060605     0.04552762
11.40103792     0.04499449
11.42146968     0.04428883
11.44190165     0.04367345
11.48276527     0.04114099
11.50319724     0.04109619
11.52362910     0.04067455
11.54406106     0.04014278
11.56449283     0.04002394
11.58492469     0.04012081
11.60535665     0.04033149
11.62578841     0.04014810
11.64622027     0.03985827
11.66665223     0.03945821
11.68708399     0.03877122
11.74837957     0.03594235
11.76881143     0.03570603
11.78924339     0.03542103
11.80967525     0.03501517
11.83010700     0.03462662
11.85053896     0.03436534
11.87097072     0.03389850
11.89140258     0.03334690
11.91183453     0.03247526
11.93226629     0.03181004
11.97313010     0.02872657
11.99356186     0.02857270
12.01399381     0.02817341
12.03442567     0.02798045
12.05485742     0.02802312
12.07528938     0.02762132
12.09572123     0.02727575
12.11615299     0.02688236
12.13658494     0.02659543
12.15701679     0.02646769
12.17744864     0.02625682
12.21831235     0.02181146
12.23874420     0.01640291
12.25917615     0.01037879
12.27960790     0.00358368
12.30003975     -0.00510063
12.46349455     -0.08895211
12.48392650     -0.09137066
12.50435835     -0.09437246
12.52479009     -0.09514190
12.54522204     -0.09645298
12.56565379     -0.09732075
12.58608563     -0.09900014
12.60651758     -0.10123715
12.62694933     -0.10387866
12.64738117     -0.10565532
12.66781312     -0.10690524
12.68824496     -0.10713150
12.70867671     -0.10629286
12.72910865     -0.10479259
12.74954050     -0.10228094
12.76997224     -0.09910292
12.79040418     -0.09412191
12.95385902     -0.01045053
12.97429076     -0.00220315
12.99472260     0.00571908
13.01515454     0.01211655
13.03558628     0.01558566
13.19904109     0.01457564
13.21947293     0.01446116
13.23990477     0.01448129
13.26033660     0.01453452
13.28076834     0.01477780
13.30120027     0.01492161
13.32163211     0.01496574
13.34206395     0.01510480
13.36249578     0.01529893
13.38292762     0.01551579
13.40335935     0.01584966
13.42379128     0.01638375
13.44422312     0.01701839
13.46465485     0.01755393
13.48508679     0.01790996
13.50551862     0.01814231
13.52595045     0.01846756
13.54638228     0.01837640
13.56681412     0.01872837
13.58724595     0.01857343
13.60767778     0.01821866
13.62810961     0.01800741
13.64854154     0.01783293
13.68940510     0.01672507
13.70983703     0.01676591
13.73026886     0.01696768
13.75070059     0.01712706
13.77113252     0.01729013
13.79156435     0.01760154
13.81199608     0.01791664
13.83242801     0.01823366
13.85285983     0.01848905
13.87329156     0.01854595
13.89372349     0.01887749
13.91415532     0.01925046
13.93458714     0.01965303
13.95501897     0.02002154
13.97545080     0.02020638
13.99588262     0.02063712
14.01631445     0.02096344
14.03674627     0.02135004
14.05717810     0.02176627
14.07760992     0.02217668
14.09804175     0.02273506
14.11847357     0.02312022
14.13890540     0.02322599
14.17976914     0.02116869
14.20020087     0.02156178
14.22063269     0.02205678
14.24106461     0.02252487
14.26149633     0.02276138
14.28192816     0.02305673
14.30236008     0.02340144
14.32279180     0.02365576
14.34322362     0.02382211
14.36365554     0.02422120
14.38408726     0.02475858
14.40451908     0.02537367
14.42495100     0.02593728
14.44538272     0.02633240
14.46581464     0.02684201
14.48624646     0.02722707
14.50667828     0.02759190
14.52711010     0.02810199
14.54754192     0.02853467
14.56797373     0.02855905
14.58840555     0.02880147
14.67013282     0.03678021
14.69056463     0.03613899
14.71099655     0.03464153
14.73142827     0.03348838
14.75186008     0.03264674
14.77229190     0.03221156
14.79272371     0.03209727
14.81315543     0.03236513
14.83358734     0.03363702
14.85401915     0.03301593
14.87445107     0.03276006
14.89488278     0.03301951
14.91531459     0.03318780
14.93574651     0.03365763
14.95617822     0.03388931
14.97661003     0.03419143
14.99704194     0.03442930
15.01747376     0.03466204
15.03790547     0.03488152
15.05833738     0.03522778
15.07876919     0.03555303
15.09920090     0.03599993
15.11963281     0.03626634
15.16049633     0.03408982
15.18092824     0.03405247
15.20136005     0.03418563
15.22179176     0.03402489
15.24222367     0.03413927
15.26265547     0.03405644
15.28308738     0.03411527
15.30351909     0.03408866
15.32395090     0.03412244
15.34438281     0.03412108
15.36481451     0.03405595
15.38524632     0.03409815
15.40567823     0.03447546
15.42610993     0.03448195
15.44654174     0.03457446
15.46697354     0.03478330
15.48740535     0.03498246
15.50783715     0.03509878
15.52826906     0.03521403
15.54870076     0.03520842
15.56913257     0.03527539
15.58956447     0.03520523
15.60999617     0.03461830
15.65085988     0.03200311
15.67129158     0.03188746
15.69172349     0.03183162
15.71215529     0.03183666
15.73258699     0.03164940
15.75301889     0.03149950
15.77345069     0.03127344
15.79388240     0.03098970
15.81431430     0.03092970
15.83474610     0.03086254
15.85517790     0.03094780
15.87560970     0.03096609
15.89604150     0.03085567
15.91647330     0.03082160
15.93690510     0.03060464
15.95733690     0.03041613
15.97776869     0.03024455
15.99820059     0.03026806
16.01863229     0.03004432
16.03906419     0.02944123
16.05949599     0.02905230
16.07992768     0.02850021
16.10035958     0.02808661
16.14122307     0.02557980
16.16165497     0.02528958
16.18208667     0.02482294
16.20251846     0.02446546
16.22295036     0.02411533
16.24338205     0.02383450
16.26381385     0.02350324
16.28424574     0.02315293
16.30467744     0.02299731
16.32510923     0.02274561
16.34554113     0.02260751
16.36597292     0.02235474
16.38640461     0.02198478
16.40683651     0.02151678
16.42726830     0.02133485
16.44770009     0.02115301
16.46813188     0.02103331
16.48856368     0.02101231
16.50899547     0.02093411
16.52942726     0.02087924
16.54985905     0.02094147
16.57029094     0.02084750
16.59072263     0.02087208
16.63158631     0.01832211
16.65201800     0.01779944
16.67244979     0.01740596
16.69288168     0.01718929
16.71331337     0.01700881
16.73374516     0.01678904
16.75417705     0.01641704
16.77460874     0.01616543
16.79504053     0.01590327
16.81547241     0.01578144
16.83590420     0.01557512
16.85633599     0.01558750
16.87676778     0.01521144
16.89719946     0.01516112
16.91763135     0.01506154
16.93806314     0.01483993
16.95849482     0.01495422
16.97892671     0.01493903
16.99935849     0.01521202
17.01979018     0.01529989
17.04022206     0.01558944
17.06065385     0.01565641
17.08108553     0.01565786
17.12194920     0.01328460
17.14238089     0.01303192
17.16281277     0.01297454
17.18324455     0.01268635
17.20367644     0.01251748
17.22410812     0.01257099
17.24453990     0.01256819
17.26497178     0.01234038
17.28540346     0.01114669
17.30583525     -0.00186618
17.32626713     -0.02772035
17.34669881     -0.06290430
17.36713059     -0.10531207
17.38756247     -0.15316980
17.40799425     -0.20492148
17.42842593     -0.25928144
17.44885781     -0.31458290
17.46928959     -0.36896884
17.48972127     -0.42008550
17.51015315     -0.46473694
17.53058493     -0.49814724
17.55101661     -0.51034877
17.57144848     -0.51041389
17.63274382     -0.50896428
17.65317560     -0.50880064
17.67360737     -0.50858459
17.69403915     -0.50840827
17.71447083     -0.50812831
17.73490270     -0.50784138
17.75533448     -0.50750045
17.77576625     -0.50731493
17.79619803     -0.50709763
17.81662981     -0.50681229
17.83706158     -0.50653199
17.85749346     -0.50617824
17.87792513     -0.49480983
17.89835690     -0.46218823
17.91878878     -0.41761759
17.93922045     -0.36632529
17.95965233     -0.31156242
18.10267474     0.00583414
18.12310641     0.01987377
18.14353828     0.02139408
18.16397005     0.02180091
18.18440172     0.02199368
18.20483359     0.02216226
18.22526536     0.02249535
18.24569713     0.02281799
18.26612890     0.02312864
18.28656067     0.02356721
18.30699244     0.02401111
18.32742431     0.02467265
18.34785598     0.02512139
18.36828775     0.02537609
18.38871952     0.02583063
18.40915128     0.02610615
18.42958315     0.02656940
18.45001482     0.02706507
18.47044659     0.02770958
18.49087845     0.02833454
18.51131012     0.02888256
18.53174189     0.02937707
18.55217375     0.02994900
18.59303719     0.02879324
18.61346905     0.02908405
18.63390072     0.02947423
18.65433248     0.02994939
18.67476435     0.03032177
18.69519611     0.03056100
18.71562788     0.03111744
18.73605994     0.03167524
18.75649171     0.03220488
18.77692347     0.03287551
18.79735523     0.03347880
18.81778690     0.03410037
18.83821876     0.03472688
18.85865052     0.03521374
18.87908219     0.03591767
18.89951405     0.03651437
18.91994581     0.03736278
18.94037747     0.03801542
18.96080933     0.03869593
18.98124110     0.03952121
19.00167276     0.04022378
19.02210462     0.04104858
19.04253638     0.04179247
19.08339990     0.04037407
19.10383166     0.04080742
19.12426352     0.04122383
19.14469518     0.04166047
19.16512694     0.04210785
19.18555880     0.04250317
19.20599046     0.04298258
19.22642221     0.04347845
19.24685407     0.04408899
19.26728583     0.04464843
19.28771749     0.04536204
19.30814935     0.04580410
19.32858110     0.04648731
19.34901276     0.04700457
19.36944462     0.04738353
19.38987638     0.04804275
19.41030803     0.04886628
19.43073989     0.04975408
19.45117164     0.05070768
19.47160350     0.05144712
19.49203516     0.05215908
19.51246691     0.05282227
19.53289867     0.05333313
19.59419393     0.05197289
19.61462568     0.05238573
19.63505744     0.05282788
19.65548919     0.05322881
19.67592095     0.05372845
19.69635270     0.05413228
19.71678445     0.05450457
19.73721620     0.05492186
19.75764796     0.05523463
19.77807981     0.05583355
19.79851146     0.05624977
19.81894331     0.05665932
19.83937507     0.05705647
19.85980672     0.05738279
19.88023857     0.05785737
19.90067032     0.05815949
19.92110197     0.05851262
19.94153382     0.05878503
19.96196557     0.05929619
19.98239722     0.05988979
20.00282907     0.06040985
20.02326082     0.06080362
20.04369247     0.06125584
20.06412432     0.06159929
20.08455607     0.06198057
20.10498782     0.06232102
20.12541956     0.06277411
20.14585131     0.06322691
20.16628306     0.06347214
20.18671481     0.06376671
20.20714656     0.06377842
20.22757840     0.06373575
20.24801005     0.06379207
20.26844180     0.06372733
20.30930529     0.06164390
20.32973704     0.06167216
20.35016888     0.06176787
20.37060053     0.06169422
20.39103228     0.06174484
20.41146412     0.06176361
20.43189577     0.06175461
20.45232751     0.06204144
20.47275936     0.06185312
20.49319100     0.06206728
20.51362274     0.06207338
20.53405459     0.06213377
20.55448623     0.06217906
20.57491808     0.06254795
20.59534982     0.06286179
20.61578156     0.06295740
20.63621331     0.06302030
20.65664505     0.06329940
20.67707679     0.06339056
20.69750853     0.06343933
20.71794027     0.06356214
20.73837202     0.06340691
20.75880386     0.06302079
20.79966724     0.05988815
20.82009908     0.05951731
20.84053072     0.05930199
20.86096246     0.05899329
20.88139430     0.05866426
20.90182594     0.05831085
20.92225778     0.05786298
20.94268952     0.05746069
20.96312116     0.05731050
20.98355300     0.05698670
21.00398474     0.05675870
21.02441638     0.05633242
21.04484822     0.05587188
21.06527986     0.05541443
21.08571159     0.05500595
21.10614343     0.05473915
21.12657517     0.05439715
21.14700681     0.05428093
21.16743865     0.05427057
21.18787038     0.05421396
21.20830202     0.05397338
21.22873386     0.05373600
21.24916559     0.05338665
21.29002906     0.05024578
21.31046080     0.04966292
21.33089264     0.04935731
21.35132427     0.04890209
21.37175601     0.04840874
21.39218784     0.04787310
21.41261948     0.04738885
21.43305121     0.04694941
21.45348305     0.04638135
21.47391468     0.04595051
21.49434641     0.04566949
21.53520988     0.04551058
21.55564161     0.04523778
21.57607345     0.04501288
21.59650518     0.04471066
21.61693681     0.04435918
21.63736864     0.04415170
21.65780038     0.04383864
21.67823211     0.04339174
21.69866384     0.04308971
21.71909557     0.04272149
21.73952730     0.04247811
21.78039067     0.03883238
21.80082250     0.03816039
21.82125423     0.03767884
21.84168586     0.03730675
21.86211769     0.03681514
21.88254942     0.03636118
21.90298105     0.03604077
21.92341288     0.03559484
21.94384461     0.03515423
21.96427634     0.03455917
21.98470806     0.03424292
22.00513979     0.03370612
22.02557162     0.03328022
22.04600325     0.03268758
22.06643498     0.03222878
22.08686681     0.03171859
22.10729843     0.03157585
22.12773016     0.03122892
22.14816199     0.03103973
22.16859372     0.03081754
22.18902534     0.03047003
22.20945717     0.03017613
22.22988890     0.02981265
22.27075235     0.02684211
22.29118407     0.02644437
22.31161570     0.02621560
22.33204753     0.02586189
22.35247925     0.02554912
22.37291108     0.02488061
22.39334270     0.02139108
22.41377442     0.01592534
22.43420615     0.00917774
22.45463787     0.00158010
22.47506960     -0.00737818
22.49550132     -0.01814050
22.51593305     -0.02913362
22.53636477     -0.04039219
22.55679649     -0.05143418
22.57722821     -0.06243437
22.59765994     -0.07371055
22.76111371     -0.09647069
22.78154553     -0.09783074
22.80197726     -0.10043200
22.82240888     -0.10315413
22.84284070     -0.10469814
22.86327242     -0.10567816
22.88370404     -0.10540177
22.90413586     -0.10459527
22.92456758     -0.10264694
22.94499920     -0.09961494
22.96543102     -0.09228197
22.98586273     -0.08311108
23.00629445     -0.07259950
23.02672617     -0.06171409
23.04715789     -0.05048320
23.06758971     -0.03913898
23.08802143     -0.02811354
23.25147517     0.01610650
23.27190678     0.01643688
23.29233850     0.01668530
23.31277032     0.01694523
23.33320193     0.01745551
23.35363365     0.01759496
23.37406546     0.01791847
23.39449708     0.01795186
23.41492889     0.01760551
23.43536061     0.01747042
23.45579232     0.01726835
23.49665575     0.01561963
23.51708747     0.01556254
23.53751918     0.01565689
23.55795089     0.01564992
23.57838261     0.01572957
23.59881442     0.01591576
23.61924603     0.01605230
23.63967775     0.01609305
23.66010956     0.01615053
23.68054117     0.01628640
23.70097288     0.01625814
23.72140470     0.01633895
23.74183631     0.01641820
23.76226812     0.01650452
23.78269983     0.01675023
23.80313144     0.01698500
23.82356326     0.01721581
23.84399497     0.01727077
23.86442658     0.01742822
23.88485839     0.01744187
23.90529010     0.01749858
23.92572181     0.01758006
23.94615352     0.01767006
23.96658523     0.01779296
23.98701684     0.01800480
24.00744865     0.01826995
24.02788036     0.01826153
24.04831197     0.01841521
24.06874378     0.01860053
24.08917549     0.01895840
24.10960720     0.01932865
24.13003890     0.01951020
24.15047061     0.01968236
24.17090242     0.01994742
24.19133403     0.02028215
24.23219754     0.01878469
24.25262915     0.01883898
24.27306086     0.01883646
24.29349267     0.01898840
24.31392427     0.01907685
24.33435598     0.01908062
24.35478779     0.01927243
24.37521939     0.01940975
24.39565110     0.01964519
24.41608291     0.01976548
24.43651461     0.01999774
24.45694632     0.02020948
24.47737802     0.02027915
24.49780973     0.02042451
24.51824143     0.02057199
24.53867314     0.02084286
24.55910484     0.02101947
24.57953655     0.02130795
24.59996825     0.02146462
24.62039996     0.02179510
24.64083166     0.02201681
24.66126336     0.02218742
24.68169507     0.02221810
24.70212677     0.02232658
24.72255848     0.02269867
24.74299008     0.02310754
24.76342188     0.02331492
24.78385358     0.02361163
24.80428539     0.02406288
24.82471699     0.02432620
24.84514869     0.02461149
24.86558049     0.02493665
24.88601210     0.02527971
24.90644380     0.02549744
24.92687560     0.02583721
24.96773890     0.02546435
24.98817070     0.02565944
25.00860241     0.02576734
25.02903401     0.02603792
25.04946581     0.02641195
25.06989751     0.02714626
25.09032921     0.02696723
25.11076091     0.02713078
25.13119261     0.02721478
25.15162441     0.02740194
25.17205601     0.02748284
25.21291951     0.02529751
25.23335110     0.02532180
25.25378280     0.02542167
25.27421460     0.02561909
25.29464620     0.02561386
25.31507790     0.02552396
25.33550970     0.02538083
25.35594130     0.02542961
25.37637299     0.02540348
25.39680469     0.02530216
25.41723639     0.02530738
25.45809978     0.02522009
25.47853148     0.02512342
25.49896328     0.02503255
25.51939498     0.02503719
25.53982657     0.02495135
25.56025837     0.02504116
25.58069006     0.02500632
25.60112166     0.02480891
25.62155346     0.02451791
25.64198515     0.02440352
25.66241675     0.02434885
25.68284854     0.02426194
25.70328024     0.02416624
25.72371183     0.02405572
25.74414363     0.02385830
25.76457532     0.02381650
25.78500712     0.02362334
25.80543871     0.02334657
25.82587041     0.02316802
25.84630220     0.02290499
25.86673379     0.02271919
25.88716549     0.02257384
25.90759728     0.02224578
25.92802888     0.02210120
25.94846057     0.02185452
25.96889236     0.02149337
25.98932406     0.02126963
26.00975565     0.02105518
26.03018744     0.02079312
26.05061913     0.02059222
26.07105073     0.02027470
26.09148252     0.02015112
26.11191421     0.01985635
26.13234590     0.01956991
26.15277759     0.01936959
26.17320929     0.01919433
26.19364098     0.01901085
26.21407267     0.01888998
26.23450426     0.01861940
26.25493605     0.01836489
26.27536774     0.01826008
26.29579933     0.01794973
26.31623112     0.01777583
26.33666281     0.01761983
26.35709450     0.01763512
26.37752619     0.01744883
26.39795788     0.01729564
26.43882126     0.01598747
26.45925295     0.01584714
26.47968474     0.01534460
26.50011643     0.01483771
26.52054802     0.01450568
26.54097981     0.01412584
26.56141149     0.01410407
26.58184308     0.01385265
26.60227487     0.01350059
26.62270656     0.01339908
26.64313815     0.01306715
26.66356994     0.01268576
26.68400162     0.01230874
26.70443321     0.01198822
26.72486500     0.01165097
26.74529668     0.01139559
26.76572847     0.01106830
26.78616006     0.01081582
26.80659175     0.01049753
26.82702353     0.01011296
26.84745512     0.00990412
26.86788680     0.00981674
26.88831849     0.00962116
26.90875018     0.00953106
26.92918186     0.00944551
26.94961355     0.00927510
26.97004523     0.00927336
26.99047692     0.00908649
27.01090870     0.00895275
27.03134029     0.00940797
27.05177207     0.00899397
27.07220376     0.00899571
27.09263534     0.00893562
27.11306713     0.00894752
27.13349881     0.00892236
27.15393040     0.00901004
27.17436218     0.00905668
27.19479386     0.00908958
27.21522545     0.00953348
27.23565723     0.00998764
27.25608892     0.00995367
27.27652050     0.00968077
27.29695228     0.00960248
27.31738396     0.00958148
27.35824733     0.01039302
27.37867901     0.01061695
27.41954238     0.00958487
27.43997406     0.00955758
27.46040584     0.00825995
27.48083752     -0.00608220
27.50126910     -0.03343770
27.52170089     -0.06961880
27.54213257     -0.11256820
27.56256415     -0.16083896
27.58299593     -0.21314065
27.60342751     -0.26780244
27.62385919     -0.32309224
27.64429097     -0.37727501
27.66472255     -0.42782782
27.68515433     -0.47150955
27.70558601     -0.50303529
27.72601759     -0.51261621
27.74644937     -0.51245087
27.76688105     -0.51220995
27.78731263     -0.51203320
27.80774441     -0.51190309
27.82817609     -0.51163057
27.84860777     -0.51133493
27.86903945     -0.51106310
27.88947113     -0.51081753
27.90990281     -0.51044597
27.93033449     -0.51008690
27.95076617     -0.50973097
27.97119794     -0.50947950
27.99162962     -0.50923781
28.01206120     -0.50897483
28.03249298     -0.50856369
28.05292466     -0.49499757
28.07335623     -0.46061853
28.09378801     -0.41523354
28.11421969     -0.36358502
28.13465127     -0.30863687
28.15508304     -0.25303561
28.17551472     -0.19798203
28.19594630     -0.14536854
28.21637807     -0.09691536
28.23680975     -0.05391196
28.40026316     0.02164694
28.42069483     0.02335237
28.44112651     0.02401662
28.46155818     0.02427704
28.48198986     0.02425178
28.50242153     0.02439414
28.52285321     0.02463258
28.54328488     0.02485371
28.56371666     0.02510048
28.58414823     0.02547364
28.60458001     0.02586615
28.62501168     0.02624124
28.64544325     0.02663772
28.66587503     0.02692978
28.68630670     0.02734097
28.70673827     0.02777906
28.72717005     0.02818125
28.74760172     0.02865912
28.76803329     0.02911337
28.78846507     0.02959791
28.80889674     0.03015136
28.82932841     0.03074341
28.84976009     0.03124576
28.87019176     0.03173292
28.89062353     0.03239291
28.91105510     0.03281687
28.93148677     0.03339412
28.95191855     0.03386918
28.97235022     0.03438304
28.99278179     0.03495042
29.01321356     0.03546216
29.03364523     0.03605170
29.05407680     0.03685830
29.07450858     0.03753388
29.09494015     0.03829025
29.11537182     0.03910702
29.13580359     0.03993481
29.15623516     0.04071268
29.17666683     0.04142928
29.19709860     0.04204785
29.21753017     0.04264591
29.23796194     0.04338584
29.25839361     0.04386777
29.27882518     0.04461311
29.29925695     0.04518533
29.31968862     0.04557997
29.34012019     0.04604245
29.38098363     0.04489230
29.40141530     0.04541613
29.42184697     0.04598719
29.44227863     0.04676302
29.46271030     0.04815258
29.48314197     0.04926402
29.50357364     0.04981834
29.52400541     0.04963776
29.54443708     0.04989469
29.56486865     0.05021462
29.58530041     0.05064168
29.60573208     0.05112942
29.62616365     0.05141819
29.64659542     0.05190254
29.66702708     0.05239695
29.68745865     0.05304523
29.70789042     0.05342178
29.72832209     0.05381700
29.74875365     0.05417486
29.76918542     0.05471592
29.78961709     0.05532017
29.81004875     0.05575894
29.83048042     0.05621165
29.85091199     0.05660977
29.87134375     0.05708028
29.89177542     0.05754189
29.91220709     0.05791185
29.93263875     0.05821078
29.95307042     0.05855326
29.97350208     0.05892700
29.99393375     0.05920919
30.01436541     0.05953144
30.03479708     0.05985796
30.05522885     0.06015756
30.07566041     0.06054824
30.09609218     0.06089052
30.11652384     0.06136500
30.13695541     0.06185022
30.15738717     0.06230544
30.17781883     0.06263960
30.19825040     0.06304363
30.21868216     0.06345027
30.23911383     0.06376429
30.25954539     0.06391023
30.27997716     0.06424555
30.30040882     0.06461145
30.32084038     0.06496612
30.36170381     0.06929429
30.38213557     0.06784453
30.40256714     0.06676939
30.42299880     0.06588904
30.44343056     0.06502147
30.46386223     0.06457709
30.48429379     0.06433496
30.50472545     0.06456780
30.52515722     0.06392978
30.54558878     0.06387326
30.56602054     0.06389532
30.58645210     0.06379855
30.60688377     0.06375442
30.62731553     0.06384220
30.64774709     0.06398416
30.66817885     0.06394158
30.68861051     0.06395610
30.70904207     0.06387791
30.72947384     0.06389416
30.74990550     0.06392194
30.77033706     0.06410164
30.79076882     0.06426887
30.81120048     0.06416890
30.83163204     0.06402848
30.85206380     0.06405994
30.87249546     0.06381404
30.89292712     0.06351568
30.91335879     0.06311930
30.93379045     0.06298459
30.95422211     0.06268440
30.97465377     0.06230263
30.99508543     0.06191632
31.01551719     0.06144368
31.03594885     0.06098788
31.05638041     0.06050217
31.09724383     0.05768530
31.11767538     0.05729947
31.13810714     0.05698931
31.15853880     0.05678580
31.17897036     0.05644458
31.19940212     0.05625461
31.21983368     0.05597562
31.24026534     0.05536043
31.26069710     0.05488392
31.28112876     0.05435922
31.30156042     0.05391242
31.36285539     0.05270266
31.38328705     0.05231702
31.40371871     0.05198750
31.42415037     0.05156296
31.44458202     0.05125532
31.46501368     0.05089474
31.48544534     0.05065978
31.50587700     0.05033414
31.52630865     0.05010856
31.54674041     0.04965489
31.56717197     0.04929015
31.58760373     0.04885738
31.60803538     0.04871009
31.62846694     0.04846284
31.64889870     0.04806588
31.66933035     0.04768217
31.68976191     0.04738750
31.71019367     0.04741904
31.73062532     0.04730611
31.75105688     0.04687247
31.77148863     0.04620929
31.79192029     0.04552471
31.83278360     0.04210882
31.85321526     0.04162137
31.87364701     0.04109619
31.89407857     0.04062326
31.91451023     0.04018884
31.93494198     0.03979401
31.95537354     0.03920311
31.97580519     0.03872525
31.99623685     0.03812719
32.01666850     0.03762020
32.03710016     0.03726330
32.05753191     0.03681156
32.07796347     0.03670724
32.09839512     0.03628192
32.11882688     0.03581819
32.13925843     0.03547813
32.15969019     0.03498681
32.18012184     0.03443259
32.20055339     0.03402944
32.22098515     0.03368309
32.24141680     0.03326725
32.26184836     0.03293842
32.28228011     0.03258965
32.30271176     0.03215127
32.32314332     0.03203436
32.34357507     0.03157547
32.36400672     0.03134834
32.38443848     0.03091606
32.40487003     0.03069938
32.42530168     0.03035158
32.44573344     0.02993749
32.46616499     0.02983520
32.48659664     0.02939585
32.50702840     0.02901389
32.52746005     0.02856292
32.56832335     0.02114585
32.58875501     0.01489500
32.60918656     0.00781692
32.62961831     0.00003666
32.65004996     -0.00884681
32.67048162     -0.01910513
32.69091327     -0.03069447
32.71134482     -0.04201701
32.73177657     -0.05343013
32.75220822     -0.06428419
32.77263978     -0.07487522
32.79307153     -0.08466448
32.81350318     -0.09026038
32.83393473     -0.09243506
32.85436648     -0.09294699
32.87479813     -0.09493597
32.89522978     -0.09598567
32.91566143     -0.09614215
32.93609309     -0.09566022
32.95652484     -0.09510774
32.97695639     -0.09565993
32.99738804     -0.09756307
33.01781979     -0.09978449
33.03825134     -0.10233378
33.05868299     -0.10340157
33.07911474     -0.10291577
33.09954639     -0.10069522
33.11997794     -0.09698804
33.14040969     -0.08986758
33.30386299     -0.00564149
33.32429454     0.00318053
33.34472619     0.01002306
33.36515794     0.01513944
33.38558949     0.01758219
33.40602114     0.01769048
33.42645278     0.01788789
33.44688443     0.01798351
33.46731608     0.01801718
33.48774773     0.01800954
33.54904278     0.01629637
33.56947433     0.01631833
33.58990607     0.01639082
33.61033772     0.01625340
33.63076927     0.01627566
33.65120102     0.01631717
33.67163267     0.01636933
33.69206422     0.01631243
33.71249596     0.01634853
33.73292761     0.01633740
33.75335936     0.01666662
33.77379091     0.01672110
33.79422255     0.01666401
33.81465430     0.01665268
33.83508585     0.01656297
33.85551750     0.01651856
33.87594924     0.01659781
33.89638079     0.01662868
33.91681244     0.01653849
33.93724419     0.01641520
33.95767573     0.01651769
33.97810738     0.01660449
33.99853913     0.01679813
34.01897077     0.01681449
34.03940242     0.01677462
34.05983407     0.01677452
34.08026571     0.01686200
34.10069736     0.01695607
34.12112901     0.01713548
34.14156065     0.01722558
34.16199230     0.01733503
34.18242394     0.01756448
34.20285549     0.01787299
34.22328724     0.01798418
34.24371888     0.01793909
34.26415043     0.01806818
34.28458217     0.01830228
34.30501382     0.01843156
34.32544557     0.01858292
34.34587711     0.01880453
34.36630876     0.01885408
34.38674050     0.01889617
34.40717205     0.01911527
34.42760369     0.01952481
34.44803544     0.01949674
34.46846698     0.01940568
34.48889863     0.01942126
34.50933037     0.01949665
34.52976202     0.01974061
34.55019366     0.01988335
34.57062531     0.02001129
34.59105695     0.02013341
34.61148860     0.02030586
34.63192024     0.02037777
34.65235189     0.02045557
34.67278353     0.02054441
34.69321518     0.02058863
34.71364682     0.02077221
34.73407857     0.02096189
34.75451011     0.02110589
34.77494175     0.02120808
34.79537340     0.02126024
34.81580504     0.02124408
34.83623679     0.02132759
34.85666833     0.02143588
34.87709997     0.02162720
34.89753172     0.02156740
34.91796326     0.02170385
34.93839491     0.02183517
34.95882665     0.02204507
34.97925819     0.02204013
34.99968984     0.02209481
35.02012158     0.02239055
35.04055312     0.02259048
35.06098487     0.02260132
35.08141651     0.02264729
35.10184815     0.02267767
35.12227980     0.02276158
35.14271144     0.02270012
35.16314308     0.02278819
35.18357472     0.02278432
35.20400637     0.02284277
35.22443801     0.02276061
35.28573294     0.02236219
35.30616468     0.02234052
35.32659622     0.02230558
35.34702797     0.02218026
35.36745961     0.02212433
35.38789115     0.02201236
35.40832289     0.02185336
35.42875454     0.02195894
35.44918608     0.02183652
35.46961782     0.02182704
35.49004946     0.02181939
35.51048100     0.02184852
35.53091275     0.02176414
35.55134439     0.02175475
35.57177603     0.02203917
35.59220767     0.02152007
35.61263931     0.02131288
35.63307095     0.02103350
35.65350260     0.02090111
35.67393424     0.02071125
35.69436588     0.02058554
35.71479752     0.02035551
35.73522916     0.02005793
35.75566090     0.01986371
35.77609244     0.01960010
35.79652409     0.01944187
35.81695583     0.01919501
35.83738737     0.01893740
35.85781911     0.01878682
35.87825075     0.01867205
35.89868229     0.01837544
35.91911403     0.01806305
35.93954567     0.01791480
35.95997721     0.01762448
35.98040895     0.01740964
36.00084059     0.01718523
36.02127214     0.01691968
36.04170388     0.01665878
36.06213552     0.01629607
36.08256726     0.01603605
36.10299880     0.01574495
36.12343044     0.01532273
36.14386218     0.01502419
36.16429372     0.01467551
36.18472536     0.01437455
36.20515700     0.01400052
36.22558874     0.01366056
36.24602028     0.01342501
36.26645202     0.01321685
36.28688356     0.01296050
36.30731530     0.01266564
36.32774694     0.01235238
36.34817848     0.01216513
36.36861022     0.01183213
36.38904186     0.01153649
36.40947340     0.01132291
36.42990514     0.01109917
36.45033678     0.01080847
36.47076832     0.01051234
36.49120006     0.01013609
36.51163170     0.00986967
36.53206323     0.00948045
36.55249497     0.00909113
36.57292661     0.00880555
36.59335835     0.00870743
36.61378989     0.00849182
36.63422153     0.00837772
36.65465327     0.00809872
36.67508481     0.00778315
36.69551645     0.00747831
36.71594819     0.00713738
36.73637983     0.00680671
36.75681137     0.00646568
36.77724310     0.00604278
36.79767474     0.00577375
36.81810638     0.00562550
36.83853802     0.00549263
36.85896966     0.00539082
36.87940140     0.00519437
36.89983294     0.00501999
36.92026457     0.00494954
36.94069621     0.00479025
36.96112785     0.00460212
36.98155949     0.00449287
37.00199113     0.00397416
37.02242277     0.00378236
37.04285451     0.00442580
37.06328604     0.00435148
37.08371768     0.00385184
37.10414942     0.00347210
37.12458096     0.00316001
37.14501260     0.00303382
37.16544433     0.00287956
37.18587587     0.00256979
37.22673925     0.00226776
37.24717089     0.00218067
37.26760242     0.00212880
37.28803416     0.00208283
37.30846580     0.00193767
37.32889744     0.00202990
37.34932908     0.00199274
37.36976071     0.00190109
37.39019245     0.00210702
37.41062399     0.00224938
37.43105563     0.00212938
37.45148736     0.00220080
37.47191890     0.00221822
37.49235054     0.00224396
37.51278228     0.00229070
37.53321381     0.00248550
37.55364555     0.00255334
37.57407719     0.00264557
37.59450872     0.00276953
37.61494046     0.00277215
37.63537210     0.00052721
37.65580364     -0.01550382
37.67623537     -0.04350751
37.69666691     -0.08035654
37.71709865     -0.12401974
37.73753028     -0.17281781
37.75796182     -0.22530182
37.77839356     -0.27991300
37.79882520     -0.33500631
37.81925683     -0.38877658
37.83968847     -0.43887605
37.86012011     -0.48150485
37.88055174     -0.51087032
37.90098338     -0.51808678
37.92141502     -0.51774251
37.94184665     -0.51746042
37.96227839     -0.51721026
37.98270993     -0.51704415
38.00314156     -0.51672504
38.02357330     -0.51629822
38.04400484     -0.51596083
38.06443657     -0.51561341
38.08486821     -0.51533059
38.10529975     -0.51505121
38.12573148     -0.51476103
38.14616312     -0.51444120
38.16659466     -0.51413327
38.20745803     -0.51326647
38.22788966     -0.49718735
38.24832130     -0.46126062
38.26875294     -0.41499504
38.28918467     -0.36327312
38.30961621     -0.30834544
38.33004785     -0.25272686
38.35047948     -0.19832684
38.37091112     -0.14659339
38.39134275     -0.09895079
38.41177449     -0.05733047
38.45263766     0.00450970
38.47306940     0.01541041
38.49350093     0.01601911
38.51393267     0.01656472
38.53436431     0.01703078
38.55479584     0.01739677
38.57522758     0.01791131
38.59565921     0.01850221
38.61609075     0.01888649
38.63652248     0.01926033
38.65695412     0.01975155
38.67738566     0.02021557
38.69781739     0.02070796
38.71824903     0.02132692
38.73868076     0.02186188
38.75911230     0.02224694
38.77954393     0.02277774
38.79997567     0.02307880
38.82040721     0.02329083
38.84083884     0.02382443
38.86127058     0.02447707
38.88170221     0.02480813
38.90213375     0.02501842
38.92256548     0.02524874
38.94299712     0.02584641
38.96342875     0.02616692
38.98386039     0.02653214
39.00429202     0.02683669
39.02472366     0.02737223
39.04515530     0.02806396
39.06558693     0.02863289
39.08601857     0.02901679
39.10645020     0.02942885
39.12688184     0.03004529
39.14731347     0.03072096
39.18817664     0.03352776
39.20860838     0.03410173
39.22904001     0.03488085
39.24947175     0.03529958
39.26990328     0.03588293
39.29033492     0.03602596
39.31076665     0.03654379
39.33119819     0.03723940
39.35162982     0.03779149
39.37206156     0.03821951
39.39249309     0.03848941
39.43335646     0.04058929
39.45378810     0.04127822
39.47421973     0.04190947
39.49465137     0.04222998
39.51508300     0.04258049
39.53551464     0.04302952
39.55594627     0.04352635
39.57637791     0.04407147
39.59680964     0.04431931
39.61724118     0.04464601
39.63767281     0.04503833
39.67853608     0.04669344
39.69896782     0.04689395
39.71939945     0.04718563
39.73983099     0.04751785
39.76026272     0.04791878
39.78069436     0.04830268
39.80112589     0.04852622
39.82155763     0.04904551
39.84198916     0.04960350
39.86242080     0.05005504
39.88285253     0.05043923
39.92371580     0.05239385
39.94414744     0.05267633
39.96457907     0.05305510
39.98501070     0.05339265
40.00544234     0.05361377
40.02587397     0.05432554
40.04630561     0.05406677
40.06673724     0.05435602
40.08716888     0.05447660
40.10760061     0.05469512
40.12803215     0.05509440
40.16889552     0.05687367
40.18932705     0.05708618
40.20975879     0.05738415
40.23019042     0.05757808
40.25062195     0.05777434
40.27105369     0.05801888
40.29148532     0.05821717
40.31191686     0.05842484
40.33234859     0.05862178
40.35278023     0.05878261
40.37321196     0.05892981
40.39364350     0.05902280
40.41407513     0.05900074
40.43450677     0.05887310
40.45493840     0.05879974
40.47537004     0.05889235
40.49580177     0.05888026
40.51623330     0.05873065
40.53666494     0.05893319
40.55709657     0.05917425
40.57752821     0.05908222
40.59795994     0.05907884
40.61839148     0.05926183
40.65925485     0.06048630
40.67968648     0.06033359
40.70011801     0.06035208
40.72054975     0.06042853
40.74098138     0.06017808
40.76141292     0.05980773
40.78184465     0.05963886
40.80227629     0.05932377
40.82270802     0.05923396
40.84313956     0.05905648
40.86357119     0.05887261
40.90443446     0.06010502
40.92486609     0.06009989
40.94529783     0.05992018
40.96572936     0.05955351
40.98616100     0.05925187
41.00659273     0.05902639
41.02702427     0.05844759
41.04745600     0.05787846
41.06788764     0.05753434
41.08831927     0.05695748
41.10875090     0.05656845
41.14961417     0.05674554
41.17004581     0.05649664
41.19047744     0.05637529
41.21090908     0.05575565
41.23134071     0.05546765
41.25177235     0.05520066
41.27220408     0.05466579
41.29263562     0.05424125
41.31306725     0.05378380
41.33349898     0.05345032
41.35393052     0.05276179
41.39479389     0.05280978
41.41522542     0.05237556
41.43565706     0.05189422
41.45608879     0.05153761
41.47652033     0.05101813
41.49695206     0.05063075
41.51738370     0.05010566
41.53781523     0.04974827
41.55824697     0.04929151
41.57867860     0.04866809
41.59911023     0.04798101
41.63997350     0.04839539
41.66040514     0.04799146
41.68083677     0.04764365
41.70126841     0.04744721
41.72170014     0.04689483
41.74213178     0.04656377
41.76256331     0.04587126
41.78299505     0.04510646
41.80342668     0.04463305
41.82385822     0.04409267
41.84428995     0.04384948
41.88515312     0.04542291
41.90558486     0.04481256
41.92601639     0.04366145
41.94644813     0.04261523
41.96687976     0.04191024
41.98731130     0.04140683
42.00774303     0.04074751
42.02817466     0.04028184
42.04860620     0.03982730
42.06903793     0.03916886
42.08946957     0.03857235
42.13033284     0.03935814
42.15076447     0.03870038
42.17119621     0.03844538
42.19162774     0.03781674
42.21205938     0.03680266
42.23249111     0.03616947
42.25292265     0.03554413
42.27335428     0.03497859
42.29378602     0.03451175
42.31421765     0.03402624
42.33464929     0.03329290
42.37551256     0.03364418
42.39594420     0.03312712
42.41637583     0.03262323
42.43680747     0.03189869
42.45723920     0.03120202
42.47767074     0.03059477
42.49810237     0.02985610
42.51853411     0.02952804
42.53896564     0.02923646
42.55939738     0.02861305
42.57982891     0.02819306
42.62069228     0.02917008
42.64112382     0.02852857
42.66155545     0.02816480
42.68198719     0.02741558
42.70241872     0.02683785
42.86587191     -0.02900075
42.88630354     -0.04217146
42.90673518     -0.05421960
42.92716682     -0.06524563
42.94759845     -0.07478802
43.13148327     -0.09271329
43.15191491     -0.09146443
43.17234664     -0.09203152
43.19277818     -0.09377895
43.21320982     -0.09573560
43.23364155     -0.09749736
43.25407309     -0.09805699
43.27450472     -0.09705791
43.29493636     -0.09346889
43.31536800     -0.08543083
43.33579963     -0.07513021
43.35623127     -0.06372261
43.37666291     -0.05287407
43.39709464     -0.04203849
43.41752618     -0.03130008
43.43795781     -0.02142459
43.60141101     0.02217803
43.62184274     0.02153614
43.64227428     0.02146869
43.66270592     0.02150391
43.68313765     0.02138411
43.70356919     0.02110318
43.72400083     0.02087305
43.74443256     0.02070999
43.76486410     0.02033838
43.78529584     0.01984958
43.80572747     0.01959120
43.84659075     0.02281712
43.86702238     0.02301222
43.88745392     0.02304473
43.90788566     0.02290170
43.92831729     0.02275683
43.94874893     0.02260848
43.96918057     0.02247310
43.98961221     0.02221432
44.01004384     0.02206975
44.03047548     0.02210362
44.05090712     0.02177710
44.07133875     0.02155665
44.09177039     0.02137666
44.11220203     0.02088408
44.13263377     0.02061109
44.15306530     0.02044193
44.17349704     0.01994132
44.19392868     0.02012277
44.21436022     0.02020319
44.23479195     0.02017909
44.25522359     0.02000025
44.27565513     0.01995390
44.29608687     0.01999822
44.33695004     0.02100960
44.35738178     0.02057247
44.37781342     0.02027741
44.39824515     0.01989506
44.41867669     0.01972581
44.43910833     0.01997858
44.45954007     0.02006548
44.47997161     0.01998903
44.50040324     0.02027412
44.52083498     0.02005193
44.54126652     0.02011000
44.58212990     0.02185984
44.60256153     0.02171507
44.62299317     0.02136979
44.64342481     0.02134869
44.66385635     0.02088495
44.68428809     0.02034796
44.70471973     0.02022690
44.72515136     0.01996174
44.74558300     0.02021006
44.76601464     0.02027161
44.78644638     0.02003974
44.82730956     0.02191317
44.84774130     0.02201855
44.86817284     0.02179656
44.88860447     0.02171914
44.90903621     0.02150575
44.92946775     0.02088137
44.94989939     0.02044725
44.97033113     0.02005067
44.99076267     0.02002967
45.01119441     0.02012200
45.03162605     0.01990968
45.09292096     0.02166378
45.11335250     0.02164385
45.13378424     0.02161278
45.15421588     0.02162227
45.17464762     0.02150595
45.19507916     0.02141546
45.21551080     0.02129537
45.23594254     0.02131066
45.25637418     0.02130998
45.27680572     0.02089782
45.29723746     0.02070225
45.31766910     0.02060528
45.33810064     0.02028264
45.35853238     0.02000171
45.37896402     0.01964655
45.39939566     0.01939339
45.41982730     0.01900436
45.44025884     0.01884643
45.46069058     0.01868492
45.48112222     0.01861572
45.50155376     0.01859472
45.52198550     0.01841569
45.56284888     0.02053976
45.58328042     0.02078963
45.60371206     0.02080289
45.62414380     0.02029503
45.64457534     0.02000887
45.66500698     0.01971052
45.68543872     0.01917227
45.70587026     0.01879350
45.72630190     0.01836053
45.74673365     0.01777815
45.76716529     0.01725055
45.80802857     0.01765806
45.82846021     0.01735497
45.84889185     0.01675546
45.86932349     0.01627101
45.88975513     0.01561963
45.91018677     0.01522548
45.93061841     0.01470203
45.95105016     0.01434658
45.97148180     0.01410271
45.99191334     0.01381182
46.01234508     0.01346092
46.05320826     0.01377765
46.07364001     0.01337982
46.09407155     0.01277228
46.11450329     0.01201687
46.13493493     0.01168097
46.15536647     0.01144020
46.17579821     0.01083479
46.19622986     0.01031637
46.21666140     0.00998599
46.23709314     0.00977619
46.25752478     0.00957858
46.29838807     0.01167410
46.31881971     0.01123504
46.33925145     0.01085153
46.35968299     0.01032296
46.38011464     0.00981616
46.40054638     0.00940700
46.42097792     0.00910749
46.44140956     0.00863959
46.46184131     0.00859382
46.48227295     0.00825192
46.50270459     0.00780153
46.52313624     0.00762376
46.54356788     0.00712519
46.56399952     0.00665574
46.58443117     0.00617681
46.60486281     0.00585417
46.62529455     0.00547192
46.64572609     0.00483341
46.66615774     0.00433851
46.68658948     0.00357004
46.70702103     0.00295572
46.72745277     0.00225141
46.74788441     0.00167997
46.78874770     0.00260647
46.80917924     0.00247225
46.82961089     0.00184525
46.85004263     0.00097594
46.87047418     0.00459235
46.89090592     0.00293472
46.91133756     0.00275734
46.93176911     0.00186248
46.95220085     0.00077978
46.97263250     0.00034943
46.99306414     0.00011640
47.05435917     0.00147558
47.07479072     0.00146852
47.09522236     0.00098146
47.11565411     0.00072017
47.13608575     0.00066598
47.15651730     0.00018308
47.17694904     0.00012753
47.19738069     0.00023969
47.21781223     0.00024511
47.23824398     0.00021202
47.25867562     0.00012134
47.27910737     0.00009386
47.29953891     -0.00000911
47.31997056     -0.00013008
47.34040231     -0.00034898
47.36083385     -0.00067191
47.38126550     -0.00075291
47.40169724     -0.00131477
47.42212879     -0.00139519
47.44256053     -0.00178925
47.46299208     -0.00208547
47.48342373     -0.00214402
47.52428702     0.00025150
47.54471866     0.00050253
47.56515041     0.00049014
47.58558196     0.00062572
47.60601360     0.00039617
47.62644535     0.00049692
47.64687700     0.00036937
47.66730864     -0.00003795
47.68774029     -0.00035420
47.70817194     -0.00056401
47.72860358     -0.00072436
47.76946688     0.00218106
47.78989862     0.00227560
47.81033017     -0.00064684
47.83076192     -0.01834005
47.85119357     -0.04729153
47.87162511     -0.08463052
47.89205686     -0.12852946
47.91248851     -0.17763343
47.93292006     -0.23033412
47.95335180     -0.28357175
47.97378345     -0.33781940
47.99421520     -0.39247408
48.01464675     -0.44233666
48.03507840     -0.48412943
48.05551004     -0.51180617
48.07594169     -0.51742234
48.09637334     -0.51711359
48.25982653     -0.51372677
48.28025828     -0.51338686
48.30068983     -0.51305236
48.32112148     -0.51263459
48.34155323     -0.51217937
48.50500652     -0.24299038
48.52543807     -0.18853384
48.54586982     -0.13728315
48.56630147     -0.09064051
48.58673302     -0.04959492
48.75018633     0.02125617
48.77061808     0.02123140
48.79104963     0.02125327
48.81148128     0.02173210
48.83191293     0.02257142
48.85234458     0.02316696
48.87277623     0.02350508
48.89320788     0.02402456
48.91363953     0.02480203
48.93407129     0.02573164
48.95450284     0.02655169
48.99536624     0.02907872
49.01579789     0.02958572
49.03622945     0.02982717
49.05666120     0.03022393
49.07709285     0.03091441
49.09752450     0.03146805
49.11795615     0.03189104
49.13838781     0.03209843
49.15881956     0.03247236
49.17925111     0.03277003
49.19968276     0.03304409
49.24054607     0.03597854
49.26097772     0.03663311
49.28140948     0.03744959
49.30184103     0.03794177
49.32227278     0.03837377
49.34270444     0.03898412
49.36313599     0.03952082
49.38356774     0.03998475
49.40399940     0.04046978
49.42443105     0.04114767
49.44486270     0.04167895
49.46529436     0.04216553
49.48572601     0.04245846
49.50615767     0.04284265
49.52658932     0.04325742
49.54702097     0.04347700
49.56745263     0.04385528
49.58788428     0.04419757
49.60831594     0.04456869
49.62874759     0.04491698
49.64917935     0.04555752
49.66961100     0.04621325
49.69004256     0.04661215
49.73090597     0.04934502
49.75133752     0.04986053
49.77176928     0.05038794
49.79220093     0.05074233
49.81263249     0.05125919
49.83306424     0.05155135
49.85349590     0.05170802
49.87392765     0.05175525
49.89435921     0.05196370
49.91479087     0.05219411
49.93522262     0.05283824
49.97608583     0.05559249
49.99651759     0.05611739
50.01694915     0.05651629
50.03738090     0.05667703
50.05781256     0.05701718
50.07824412     0.05751005
50.09867587     0.05769295
50.11910753     0.05800475
50.13953919     0.05847265
50.15997084     0.05858123
50.18040250     0.05829236
50.22126582     0.05990131
50.24169747     0.05999150
50.26212913     0.06039572
50.28256079     0.06033747
50.30299245     0.06015137
50.32342421     0.06033795
50.34385576     0.06018969
50.36428742     0.06032382
50.38471918     0.06068933
50.40515074     0.06080140
50.42558250     0.06096649
50.46644571     0.06323737
50.48687747     0.06327007
50.50730913     0.06353194
50.52774069     0.06375607
50.54817245     0.06376720
50.56860411     0.06395387
50.58903587     0.06388671
50.60946743     0.06379439
50.62989909     0.06397671
50.65033084     0.06354491
50.67076240     0.06324820
50.71162582     0.06494415
50.73205738     0.06521870
50.75248914     0.06542540
50.77292080     0.06503415
50.79335246     0.06480402
50.81378412     0.06458783
50.83421579     0.06448167
50.85464745     0.06404803
50.87507911     0.06331740
50.89551077     0.06299543
50.91594233     0.06292963
50.97723741     0.06353620
50.99766907     0.06346856
51.01810073     0.06267569
51.03853250     0.06225570
51.05896406     0.06196606
51.07939572     0.06144223
51.09982748     0.06107613
51.12025904     0.06084407
51.14069080     0.06061288
51.16112247     0.06044256
51.20198579     0.06192019
51.22241745     0.06166509
51.24284902     0.06136152
51.26328078     0.06095139
51.28371244     0.06040463
51.30414421     0.06008653
51.32457577     0.05955854
51.34500743     0.05889564
51.36543919     0.05810656
51.38587076     0.05745469
51.40630242     0.05700896
51.44716585     0.05776263
51.46759751     0.05712818
51.48802918     0.05664770
51.50846084     0.05615465
51.52889250     0.05574152
51.54932417     0.05533159
51.56975573     0.05452160
51.59018750     0.05409677
51.61061916     0.05358871
51.63105073     0.05276179
51.65148249     0.05225673
51.69234592     0.05266414
51.71277749     0.05237702
51.73320915     0.05184583
51.75364092     0.05137822
51.77407248     0.05088865
51.79450415     0.05060375
51.81493591     0.05007701
51.83536748     0.04964666
51.85579925     0.04921835
51.87623091     0.04850252
51.89666248     0.04778601
51.93752591     0.04786904
51.95795748     0.04730911
51.97838924     0.04693112
51.99882091     0.04652080
52.01925268     0.04605609
52.03968425     0.04561103
52.06011591     0.04507365
52.08054768     0.04441405
52.10097935     0.04391460
52.12141091     0.04322945
52.14184268     0.04249475
52.18270592     0.04277588
52.20313769     0.04226095
52.22356925     0.04170857
52.24400102     0.04119209
52.26443269     0.04057516
52.28486426     0.04025649
52.30529603     0.03968020
52.32572770     0.03915831
52.34615927     0.03854970
52.36659103     0.03773468
52.38702270     0.03688056
52.42788604     0.03714088
52.44831771     0.03662092
52.46874948     0.03610851
52.48918105     0.03556687
52.50961272     0.03524045
52.53004449     0.03458588
52.55047606     0.03389695
52.57090783     0.03329164
52.59133950     0.03254320
52.61177107     0.03159637
52.63220284     0.03086864
52.67306618     0.03114918
52.69349785     0.03018465
52.71392952     0.02939159
52.73436120     0.02854434
52.75479287     0.02827231
52.77522454     0.02800832
52.79565631     0.02747887
52.81608798     0.02713871
52.83651955     0.02703604
52.85695133     0.02711075
52.87738300     0.02720917
52.91824634     0.02265154
52.93867791     0.01609634
52.95910969     0.00765367
52.97954136     -0.00043027
52.99997293     -0.00970838
53.02040471     -0.01965984
53.04083638     -0.03125682
53.06126795     -0.04407847
53.08169973     -0.05719402
53.10213140     -0.06896248
53.12256317     -0.07932774
53.14299475     -0.08719142
53.16342642     -0.09043709
53.18385819     -0.09135537
53.20428977     -0.09362982
53.22472144     -0.09524119
53.24515322     -0.09554864
53.26558479     -0.09713668
53.28601657     -0.09671301
53.30644824     -0.09647485
53.32687991     -0.09502984
53.34731159     -0.09317296
53.36774326     -0.09268900
53.40860662     -0.09384437
53.49033332     -0.08522073
53.65378673     0.00029505
53.67421851     0.00839708
53.69465019     0.01500377
53.71508176     0.01937994
53.73551354     0.02096557
53.75594522     0.02078712
53.77637680     0.02043060
53.79680857     0.02006219
53.81724025     0.01987880
53.83767203     0.01917168
53.85810361     0.01872963
53.89896707     0.02017503
53.91939864     0.02052912
53.93983032     0.02063963
53.96026210     0.02059280
53.98069378     0.02037293
54.00112546     0.02025738
54.02155714     0.02015983
54.04198882     0.01993764
54.06242050     0.01981958
54.08285218     0.01954513
54.10328386     0.01937965
54.12371564     0.02072876
54.14414722     0.02155036
54.16457890     0.02046264
54.18501058     0.01957552
54.20544226     0.01904394
54.22587404     0.01889811
54.24630572     0.01853676
54.26673730     0.01793222
54.28716909     0.01777670
54.30760067     0.01799357
54.32803235     0.01811454
54.34846413     0.01837108
54.38932749     0.01966029
54.40975918     0.01926507
54.43019076     0.01914875
54.45062254     0.01888591
54.47105422     0.01827653
54.49148591     0.01780128
54.51191759     0.01753245
54.53234927     0.01752412
54.55278105     0.01770712
54.57321264     0.01762283
54.59364432     0.01753429
54.63450769     0.01841211
54.65493937     0.01763232
54.67537116     0.01740200
54.69580284     0.01726255
54.71623452     0.01726748
54.73666621     0.01715871
54.75709789     0.01710655
54.77752958     0.01739067
54.79796126     0.01773983
54.81839295     0.01817512
54.83882473     0.01851082
54.90011979     0.01936697
54.92055137     0.02168807
54.94098316     0.02276670
54.96141475     0.02158075
54.98184643     0.02078363
55.00227822     0.02053483
55.02270981     0.01992080
55.04314149     0.01955791
55.06357328     0.01899333
55.08400487     0.01851934
55.12486834     0.01974942
55.14529993     0.01998903
55.16573171     0.02038328
55.18616340     0.02012403
55.20659509     0.02068492
55.22702678     0.02023048
55.24745847     0.01938846
55.26789025     0.01866440
55.28832184     0.01843853
55.30875353     0.01806083
55.32918532     0.01801321
55.37004860     0.01948842
55.39048039     0.01915427
55.41091208     0.01903959
55.43134377     0.01875237
55.45177546     0.01857663
55.47220715     0.01837050
55.49263894     0.01788131
55.51307053     0.01728916
55.53350222     0.01643378
55.55393401     0.01604263
55.57436560     0.01618062
55.61522898     0.01742213
55.63566067     0.01723729
55.65609246     0.01700087
55.67652405     0.01672594
55.69695574     0.01661465
55.71738753     0.01615566
55.73781913     0.01572502
55.75825092     0.01535022
55.77868261     0.01441181
55.79911420     0.01356292
55.81954599     0.01313963
55.86040938     0.01504025
55.88084107     0.01468693
55.90127277     0.01448226
55.92170446     0.01439449
55.94213615     0.01393123
55.96256785     0.01361459
55.98299964     0.01296699
56.00343133     0.01245399
56.02386293     0.01187316
56.04429472     0.01096601
56.06472642     0.01013038
56.10558980     0.01178036
56.12602150     0.01143343
56.14645329     0.01107730
56.16688489     0.01087398
56.18731658     0.01066050
56.20774838     0.01024679
56.22817998     0.00991506
56.24861167     0.00968493
56.26904347     0.00930316
56.28947506     0.00906075
56.30990686     0.00848620
56.33033846     0.00795976
56.35077015     0.00752709
56.37120195     0.00669416
56.39163355     0.00613491
56.41206524     0.00537495
56.43249704     0.00499734
56.45292864     0.00488402
56.47336043     0.00481289
56.49379213     0.00432245
56.51422383     0.00399197
56.53465553     0.00389916
56.55508723     0.00378362
56.59595062     0.00525079
56.61638232     0.00499812
56.63681412     0.00465573
56.65724572     0.00407365
56.67767742     0.00360081
56.69810922     0.00279827
56.71854092     0.00200203
56.73897252     0.00116813
56.75940432     0.00094759
56.77983602     0.00081036
56.80026762     0.00075085
56.84113112     0.00239580
56.86156292     0.00230570
56.88199452     0.00215725
56.90242622     0.00184661
56.92285802     0.00145052
56.94328962     0.00134194
56.96372132     0.00115478
56.98415303     0.00112720
57.00458473     0.00089223
57.02501653     0.00077640
57.04544813     0.00042308
57.06587983     0.00033327
57.08631164     0.00027550
57.10674324     0.00020640
57.12717494     -0.00004995
57.14760674     -0.00003253
57.16803845     -0.00022443
57.18847015     -0.00048881
57.20890185     -0.00070801
57.22933356     -0.00103461
57.24976526     -0.00126203
57.27019697     -0.00175248
57.29062867     -0.00192793
57.33149208     -0.00001743
57.35192388     0.00013489
57.37235559     0.00022808
57.39278719     0.00038727
57.41321900     0.00043556
57.43365070     0.00055914
57.45408231     0.00062156
57.47451412     0.00071969
57.49494582     0.00100197
57.51537763     0.00111626
57.53580923     0.00119891
57.55624094     0.00106459
57.57667265     0.00108452
57.59710435     0.00104630
57.61753606     0.00103720
57.63796777     0.00118458
57.65839947     0.00093733
57.67883128     0.00093162
57.69926289     0.00084249
57.71969460     0.00090685
57.74012641     0.00121584
57.76055801     0.00151613
57.78098972     0.00182067
57.82185314     0.00434635
57.84228485     0.00443983
57.86271666     0.00447109
57.88314837     0.00430542
57.90358008     0.00421445
58.06703386     -0.13027979
58.08746557     -0.18018882
58.10789718     -0.23292584
58.12832899     -0.28741039
58.14876070     -0.34200449
58.16919231     -0.39479344
58.18962413     -0.44305065
58.21005584     -0.48325900
58.23048765     -0.50863182
58.25091926     -0.51259221
58.27135097     -0.51224677
58.31221440     -0.51150583
58.33264611     -0.51111535
58.35307783     -0.51072647
58.37350954     -0.51024653
58.39394135     -0.50972724
58.41437297     -0.50926268
58.43480468     -0.50847122
58.45523650     -0.50783131
58.47566811     -0.50716585
58.49609983     -0.50671567
58.51653164     -0.50624878
58.55739507     -0.50394438
58.57782679     -0.48287796
58.59825850     -0.44400052
58.61869022     -0.39590855
58.63912193     -0.34270615
58.65955365     -0.28705258
58.67998546     -0.23117735
58.70041708     -0.17681599
58.72084890     -0.12582417
58.74128061     -0.07973400
58.76171223     -0.03917266
58.80257577     0.01703116
58.82300738     0.02523858
58.84343920     0.02566022
58.86387092     0.02592615
58.88430254     0.02612115
58.90473436     0.02636260
58.92516607     0.02667662
58.94559789     0.02719310
58.96602951     0.02786054
58.98646123     0.02833493
59.00689295     0.02904166
59.04775639     0.03213462
59.06818811     0.03274710
59.08861983     0.03354112
59.10905165     0.03406563
59.12948327     0.03459788
59.14991499     0.03539287
59.17034681     0.03595328
59.19077853     0.03635934
59.21121015     0.03683082
59.23164197     0.03726572
59.25207370     0.03791419
59.27250542     0.03840609
59.29293714     0.03877596
59.31336886     0.03908805
59.33380068     0.03955063
59.35423231     0.04018807
59.37466403     0.04033226
59.39509585     0.04116519
59.41552747     0.04104528
59.43595930     0.04133251
59.45639102     0.04171534
59.47682264     0.04235114
59.49725447     0.04317207
59.53811782     0.04617571
59.55854964     0.04656773
59.57898137     0.04708295
59.59941309     0.04746317
59.61984482     0.04803646
59.64027654     0.04850629
59.66070827     0.04882661
59.68113999     0.04910889
59.70157172     0.04955550
59.72200344     0.05022275
59.74243517     0.05037014
59.78329862     0.05193854
59.80373035     0.05258217
59.82416218     0.05301349
59.84459380     0.05342216
59.86502553     0.05370445
59.88545736     0.05408390
59.90588909     0.05440886
59.92632081     0.05462292
59.94675254     0.05468941
59.96718427     0.05528872
59.98761610     0.05571772
60.00804773     0.05560217
60.02847946     0.05557778
60.04891128     0.05552456
60.06934291     0.05588571
60.08977474     0.05587836
60.11020647     0.05636619
60.13063810     0.05660861
60.15106993     0.05683844
60.17150166     0.05699018
60.19193329     0.05751750
60.21236512     0.05798762
60.23279686     0.05834094
60.27366032     0.06004289
60.29409205     0.06017944
60.31452388     0.06030224
60.33495551     0.06031821
60.35538724     0.05999199
60.37581898     0.05989163
60.39625071     0.05979554
60.41668244     0.05967767
60.43711417     0.05987102
60.45754591     0.06002131
60.47797774     0.06014847
60.51884111     0.06243705
60.53927294     0.06274934
60.55970468     0.06271653
60.58013631     0.06271295
60.60056815     0.06276966
60.62099988     0.06292798
60.64143161     0.06305398
60.66186335     0.06303269
60.68229509     0.06301740
60.70272692     0.06288085
60.72315856     0.06316333
60.78445376     0.06359717
60.80488560     0.06354210
60.82531734     0.06341562
60.84574898     0.06315162
60.86618081     0.06327007
60.88661255     0.06311040
60.90704419     0.06289924
60.92747602     0.06266021
60.94790776     0.06263321
60.96833950     0.06361488
60.98877124     0.06300279
61.00920298     0.06247973
61.02963472     0.06190374
61.05006646     0.06119575
61.07049820     0.06068885
61.09092993     0.06023392
61.11136167     0.06000844
61.13179351     0.05954489
61.15222515     0.05920919
61.17265689     0.05902271
61.19308873     0.05861278
61.21352048     0.05859284
61.25438396     0.06027456
61.27481570     0.05993973
61.29524744     0.05961331
61.31567918     0.05960499
61.33611092     0.05949293
61.35654277     0.05902464
61.37697441     0.05846510
61.39740615     0.05790130
61.41783799     0.05735153
61.43826964     0.05687793
61.45870148     0.05633029
61.47913322     0.05593710
61.49956487     0.05518740
61.51999671     0.05453883
61.54042846     0.05348720
61.56086010     0.05294749
61.58129194     0.05232176
61.60172369     0.05180276
61.62215543     0.05163680
61.64258718     0.05124274
61.66301892     0.05081752
61.68345067     0.05020911
61.70388242     0.04973134
61.74474591     0.05059978
61.76517765     0.05016043
61.78560950     0.04950886
61.80604115     0.04872896
61.82647289     0.04790165
61.84690474     0.04723789
61.86733649     0.04663576
61.88776814     0.04623667
61.90819998     0.04576897
61.92863173     0.04527417
61.94906338     0.04469305
61.98992698     0.04595864
62.01035883     0.04565381
62.03079048     0.04513714
62.05122223     0.04467601
62.07165408     0.04402096
62.09208573     0.04342735
62.11251748     0.04290207
62.13294933     0.04224469
62.15338098     0.04151986
62.17381283     0.04066477
62.19424458     0.03986291
62.23510808     0.04142822
62.25553983     0.04117912
62.27597148     0.04116799
62.29640334     0.04111128
62.31683509     0.04083209
62.33726694     0.04058058
62.35769859     0.04017897
62.37813035     0.03981220
62.39856210     0.03911408
62.41899385     0.03861531
62.43942561     0.03787055
62.45985736     0.03721820
62.48028912     0.03664066
62.50072097     0.03640337
62.52115262     0.03586832
62.54158438     0.03505155
62.56201623     0.03416666
62.58244799     0.03362183
62.60287964     0.03323425
62.62331150     0.03294558
62.64374326     0.03258723
62.66417501     0.03214314
62.68460677     0.03174443
62.74590204     0.03206456
62.76633380     0.03166895
62.78676565     0.03127112
62.80719731     0.03095631
62.82762917     0.03049771
62.84806093     0.03010519
62.86849258     0.02965655
62.88892444     0.02885750
62.90935620     0.02813248
62.92978786     0.02781555
62.97065148     0.02980791
62.99108324     0.02951633
63.01151500     0.02902124
63.03194676     0.02849789
63.05237852     0.02829757
63.21583271     -0.03180959
63.23626447     -0.04375070
63.25669614     -0.05715569
63.27712800     -0.06919900
63.29755976     -0.08011818
63.46101387     -0.09436840
63.48144564     -0.09389150
63.50187750     -0.09404198
63.52230917     -0.09240313
63.54274104     -0.09018935
63.56317280     -0.08952849
63.58360447     -0.09074067
63.60403634     -0.09212946
63.62446810     -0.09121814
63.64489987     -0.08826473
63.66533164     -0.08146972
63.68576340     -0.07204354
63.70619527     -0.06042004
63.72662694     -0.04798645
63.74705871     -0.03609383
63.76749048     -0.02578605
63.78792224     -0.01619052
63.95137650     0.02299490
63.97180817     0.02275209
63.99224004     0.02254238
64.01267182     0.02237826
64.03310369     0.02219507
64.05353536     0.02171585
64.07396713     0.02133030
64.09439900     0.02080550
64.11483067     0.02032725
64.13526245     0.02016903
64.15569432     0.02022080
64.19655787     0.02203936
64.21698964     0.02210352
64.23742131     0.02210739
64.25785319     0.02204642
64.27828496     0.02208252
64.29871664     0.02181020
64.31914851     0.02172049
64.33958029     0.02156478
64.36001206     0.02109592
64.38044384     0.02061980
64.40087561     0.02004390
64.44173917     0.02192265
64.46217094     0.02181359
64.48260272     0.02160940
64.50303450     0.02147208
64.52346637     0.02122927
64.54389805     0.02119298
64.56432983     0.02285516
64.58476171     0.02370240
64.60519348     0.02448936
64.62562516     0.02274841
64.64605704     0.02113269
64.68692070     0.02226745
64.70735238     0.02193465
64.72778416     0.02170781
64.74821604     0.02147420
64.76864772     0.02144072
64.78907950     0.02126876
64.80951138     0.02111769
64.82994306     0.02094979
64.85037494     0.02076496
64.87080672     0.02064854
64.89124416     0.02049660
64.91167026     0.02036093
64.93210204     0.02030296
64.95253372     0.01997142
64.97296561     0.01977342
64.99339739     0.01956149
65.01382927     0.01942852
65.03426096     0.01888601
65.05469274     0.01847095
65.07512462     0.01856772
65.09555631     0.01828486
65.11598809     0.01817899
65.13641998     0.01813718
65.17728345     0.01983555
65.19771533     0.01962352
65.21814712     0.01907027
65.23857890     0.01895036
65.25901069     0.01868482
65.27944247     0.01845760
65.29987436     0.01805889
65.32030605     0.01780157
65.34073784     0.01718300
65.36116972     0.01686016
65.38160141     0.01655514
65.42246509     0.01818392
65.44289677     0.01783477
65.46332866     0.01764296
65.48376035     0.01742929
65.50419214     0.01721822
65.52462403     0.01689984
65.54505572     0.01667030
65.56548761     0.01608192
65.58591940     0.01557328
65.60635109     0.01494745
65.62678298     0.01489896
65.66764656     0.01664978
65.68807835     0.01680046
65.70851014     0.01654159
65.72894204     0.01629356
65.74937373     0.01631543
65.76980552     0.01619030
65.79023741     0.01597043
65.81066921     0.01581163
65.83110090     0.01544244
65.85153279     0.01512822
65.87196458     0.01476764
65.89239638     0.01482019
65.91282817     0.01504635
65.93325997     0.01543150
65.95369176     0.01544176
65.97412356     0.01483190
65.99455535     0.01405413
66.01498725     0.01338756
66.03541894     0.01278031
66.05585084     0.01272747
66.07628253     0.01238664
66.09671433     0.01212390
66.11714623     0.01152497
66.15800972     0.01279463
66.17844162     0.01241432
66.19887332     0.01211229
66.21930521     0.01189097
66.23973701     0.01148946
66.26016871     0.01117001
66.28060061     0.01099930
66.30103241     0.01047973
66.32146411     0.01018244
66.34189601     0.00976845
66.36232781     0.00936239
66.38275971     0.00892962
66.40319141     0.00868604
66.42362321     0.00843772
66.44405511     0.00824988
66.46448691     0.00722709
66.48491861     0.00654784
66.50535051     0.00621126
66.52578231     0.00661452
66.54621412     0.00632400
66.56664592     0.00561872
66.58707772     0.00513234
66.60750962     0.00485460
66.66880503     0.00754441
66.68923674     0.00767350
66.70966864     0.00757180
66.73010035     0.00774812
66.75053215     0.00721325
66.77096405     0.00630533
66.79139576     0.00555272
66.81182757     0.00478241
66.83225947     0.00431113
66.85269118     0.00392074
66.87312308     0.00355688
66.89355489     0.00329433
66.91398660     0.00312324
66.93441850     0.00289476
66.95485031     0.00247999
66.97528202     0.00199690
66.99571393     0.00173096
67.01614573     0.00145419
67.03657764     0.00120123
67.05700935     0.00078936
67.07744116     0.00047669
67.09787307     0.00012550
67.11830478     0.00004286
67.13873659     -0.00033533
67.15916850     -0.00048920
67.17960031     -0.00083410
67.20003202     -0.00110506
67.22046393     -0.00158012
67.24089574     -0.00188264
67.26132755     -0.00189047
67.28175936     -0.00181499
67.30219117     -0.00180599
67.32262309     -0.00184073
67.34305480     -0.00177183
67.38391852     -0.00011024
67.40435024     0.00011766
67.42478215     0.00064507
67.44521386     0.00074611
67.46564568     0.00109023
67.48607759     0.00071524
67.50650931     0.00081956
67.52694112     0.00077223
67.54737304     0.00097846
67.56780475     0.00129423
67.58823667     0.00128165
67.62910020     0.00294818
67.64953212     0.00294237
67.66996393     0.00288682
67.69039575     0.00304998
67.71082757     0.00325678
67.73125938     0.00363652
67.75169130     0.00384574
67.77212302     0.00392471
67.79255484     0.00419113
67.81298676     0.00458219
67.83341857     0.00469938
67.85385029     0.00486051
67.87428221     0.00501263
67.89471403     0.00527973
67.91514585     0.00531795
67.93557767     0.00552756
67.95600949     0.00553879
67.97644141     0.00576369
67.99687313     0.00569546
68.01730496     0.00571492
68.03773688     0.00561495
68.05816860     0.00581798
68.07860052     0.00656129
68.11946407     0.00908687
68.13989599     0.00922787
68.16032771     0.00404471
68.18075954     -0.01624191
68.20119146     -0.04716669
68.22162318     -0.08642875
68.24205511     -0.13147329
68.26248693     -0.18099126
68.28291866     -0.23382167
68.30335058     -0.28843382
68.32378241     -0.34285019
68.36464606     -0.44269520
68.38507789     -0.48173865
68.40550981     -0.50506820
68.42594154     -0.50775588
68.44637337     -0.50741369
68.63026002     -0.50384886
68.65069175     -0.50326353
68.67112368     -0.50270772
68.69155551     -0.50200935
68.71198724     -0.50163199
68.73241917     -0.49859472
68.75285090     -0.47534467
68.77328274     -0.43542997
68.79371467     -0.38681276
68.81414650     -0.33348552
68.83457833     -0.27825199
68.85501016     -0.22279690
68.87544190     -0.16914953
68.89587383     -0.11803152
68.91630566     -0.07182716
68.93673740     -0.03122227
69.10019218     0.03295671
69.12062411     0.03358360
69.14105585     0.03413531
69.16148779     0.03460224
69.18191962     0.03499010
69.20235146     0.03537603
69.22278330     0.03556735
69.24321514     0.03577406
69.26364698     0.03587161
69.28407891     0.03629092
69.30451065     0.03674953
69.34537443     0.03936221
69.36580617     0.03989775
69.38623811     0.04025494
69.40666995     0.04037194
69.42710169     0.04060197
69.44753363     0.04088513
69.46796537     0.04122712
69.48839722     0.04156989
69.50882916     0.04201031
69.52926090     0.04255543
69.54969284     0.04302362
69.59055643     0.04511275
69.61098837     0.04553381
69.63142021     0.04625341
69.65185196     0.04662347
69.67228390     0.04677686
69.69271575     0.04683666
69.71314769     0.04704657
69.73357944     0.04734608
69.75401128     0.04788423
69.77444323     0.04837758
69.79487497     0.04887799
69.83573876     0.05021917
69.85617061     0.05033491
69.87660246     0.05062378
69.89703431     0.05107290
69.91746615     0.05153122
69.93789800     0.05213479
69.95832985     0.05266985
69.97876170     0.05306130
69.99919365     0.05330923
70.01962539     0.05390467
70.04005734     0.05438960
70.08092094     0.05649645
70.10135289     0.05688422
70.12178464     0.05704796
70.14221649     0.05725031
70.16264845     0.05767118
70.18308020     0.05780714
70.20351215     0.05769034
70.22394400     0.05745924
70.24437575     0.05755176
70.26480770     0.05758505
70.28523956     0.05765424
70.32610326     0.05958167
70.34653512     0.05967902
70.36696707     0.05979776
70.38739883     0.05952690
70.40783068     0.05922225
70.42826264     0.05925467
70.44869439     0.05930974
70.46912625     0.05944580
70.48955820     0.05960335
70.50999006     0.05959977
70.53042191     0.05960751
70.57128563     0.06176303
70.59171748     0.06193732
70.61214934     0.06202035
70.63258120     0.06204019
70.65301316     0.06202548
70.67344492     0.06219996
70.69387688     0.06179264
70.71430873     0.06173255
70.73474049     0.06183483
70.75517245     0.06182361
70.77560431     0.06190887
70.79603607     0.06176380
70.81646803     0.06159600
70.83689979     0.06145026
70.85733176     0.06105339
70.87776362     0.06080972
70.89819538     0.06070685
70.91862734     0.06071449
70.93905920     0.06051514
70.95949097     0.06053430
70.97992293     0.06049501
71.00035479     0.06025560
71.02078675     0.06012592
71.06165038     0.06140332
71.08208235     0.06115675
71.10251411     0.06082414
71.12294598     0.06065778
71.14337794     0.06050721
71.16380981     0.06015737
71.18424167     0.05960257
71.20467354     0.05921838
71.22510541     0.05858036
71.24553727     0.05833988
71.26596914     0.05786646
71.30683298     0.05906238
71.32726474     0.05881368
71.34769671     0.05859826
71.36812858     0.05861016
71.38856035     0.05826401
71.40899232     0.05809514
71.42942419     0.05797001
71.44985596     0.05787933
71.47028793     0.05784856
71.49071970     0.05729531
71.51115167     0.05705464
71.53158354     0.05708115
71.55201531     0.05617100
71.57244728     0.05531833
71.59287916     0.05430280
71.61331093     0.05334649
71.63374290     0.05272124
71.65417477     0.05240334
71.67460675     0.05173609
71.69503852     0.05130835
71.71547039     0.05100777
71.73590237     0.05044688
71.75633414     0.05000405
71.79719799     0.05085313
71.81762977     0.05033675
71.83806174     0.04973415
71.85849362     0.04938692
71.87892550     0.04890887
71.89935737     0.04819516
71.91978925     0.04742146
71.94022113     0.04648741
71.96065300     0.04585345
71.98108488     0.04515775
72.00151686     0.04461737
72.04238052     0.04509843
72.06281250     0.04472237
72.08324438     0.04405376
72.10367616     0.04320216
72.12410814     0.04236807
72.14453992     0.04167760
72.16497190     0.04112532
72.18540378     0.04064000
72.20583556     0.04018362
72.22626754     0.03991536
72.24669942     0.03980562
72.28756319     0.04045449
72.30799507     0.03997749
72.32842705     0.03928682
72.34885884     0.03875999
72.36929072     0.03835587
72.38972270     0.03781162
72.41015449     0.03701004
72.43058637     0.03641441
72.45101836     0.03552777
72.47145014     0.03488965
72.49188213     0.03432227
72.53274590     0.03559067
72.55317779     0.03506926
72.57360967     0.03470317
72.59404156     0.03436127
72.61447345     0.03390566
72.63490534     0.03349651
72.65533733     0.03302813
72.67576921     0.03235778
72.69620100     0.03222297
72.71663299     0.03155408
72.73706488     0.03123570
72.75749667     0.03106838
72.77792866     0.03075793
72.79836055     0.03026729
72.81879234     0.02979291
72.83922433     0.02931795
72.85965612     0.02869628
72.88008812     0.02820177
72.90052001     0.02760129
72.92095180     0.02727710
72.94138379     0.02700391
72.96181569     0.02679798
72.98224748     0.02680775
73.02311137     0.02799070
73.04354336     0.02756926
73.06397515     0.02757710
73.08440705     0.02738645
73.10483904     0.02714220
73.12527084     0.02677649
73.14570274     0.02631905
73.16613473     0.02597415
73.18656663     0.02565702
73.20699853     0.02529374
73.22743042     0.02509574
73.26829422     0.02092647
73.28872612     0.01377001
73.30915801     0.00459486
73.32959001     -0.00587810
73.35002181     -0.01634904
73.51347701     -0.09336883
73.55434092     -0.09581902
73.57477272     -0.09430878
73.59520472     -0.09421395
73.61563663     -0.09452265
73.63606843     -0.09374905
73.65650043     -0.09331502
73.67693234     -0.09294457
73.69736434     -0.09345031
73.71779615     -0.09153662
73.75866006     -0.08620385
73.77909186     -0.08722568
73.79952377     -0.08826628
73.81995578     -0.08581366
73.84038758     -0.07768773
74.00384295     0.00738986
74.02427496     0.01368320
74.04470687     0.01938381
74.06513868     0.02321805
74.08557069     0.02419043
74.10600260     0.02377024
74.12643441     0.02321176
74.14686642     0.02263664
74.16729824     0.02221074
74.18773025     0.02188249
74.20816216     0.02173007
74.24902599     0.02316976
74.26945790     0.02302364
74.28988972     0.02298483
74.31032173     0.02284674
74.33075364     0.02243303
74.35118566     0.02202475
74.37161747     0.02142611
74.39204939     0.02121959
74.41248141     0.02081412
74.43291322     0.02078692
74.45334514     0.02082902
74.49420907     0.02152240
74.51464099     0.02130398
74.53507291     0.02069605
74.55550483     0.02029532
74.57593675     0.01987164
74.59636866     0.01968332
74.61680058     0.01965565
74.63723250     0.01967848
74.65766442     0.01992206
74.67809644     0.01994684
74.69852836     0.01953739
74.73939221     0.02112185
74.75982413     0.02086899
74.78025595     0.02048993
74.80068797     0.02035948
74.82111989     0.02020948
