350.00	136.52
351.00	127.52
352.00	132.01
353.00	137.81
354.00	138.21
355.00	139.37
356.00	132.39
357.00	126.38
358.00	126.32
359.00	130.10
360.00	136.57
361.00	141.93
362.00	134.36
363.00	140.34
364.00	134.57
365.00	126.60
366.00	141.32
367.00	140.16
368.00	138.71
369.00	133.99
370.00	130.61
371.00	133.48
372.00	141.07
373.00	132.80
374.00	137.49
375.00	136.65
376.00	138.05
377.00	135.93
378.00	170.13
379.00	142.22
380.00	139.02
381.00	151.61
382.00	138.63
383.00	133.89
384.00	130.63
385.00	137.01
386.00	132.19
387.00	127.56
388.00	139.51
389.00	169.56
390.00	135.31
391.00	131.09
392.00	131.24
393.00	141.37
394.00	135.68
395.00	157.51
396.00	144.05
397.00	132.99
398.00	137.86
399.00	160.49
400.00	143.05
401.00	137.25
402.00	131.72
403.00	136.51
404.00	140.18
405.00	135.56
406.00	134.63
407.00	140.45
408.00	147.64
409.00	140.75
410.00	145.93
411.00	208.63
412.00	149.97
413.00	134.22
414.00	137.57
415.00	145.65
416.00	138.03
417.00	138.72
418.00	145.25
419.00	140.12
420.00	153.14
421.00	136.02
422.00	137.55
423.00	144.15
424.00	148.15
425.00	137.39
426.00	135.09
427.00	148.73
428.00	142.64
429.00	147.93
430.00	169.62
431.00	141.12
432.00	145.32
433.00	141.07
434.00	133.81
435.00	134.33
436.00	143.99
437.00	141.71
438.00	141.99
439.00	140.44
440.00	142.31
441.00	154.07
442.00	133.36
443.00	139.67
444.00	143.84
445.00	130.74
446.00	136.81
447.00	139.35
448.00	158.90
449.00	146.32
450.00	143.15
451.00	135.39
452.00	143.77
453.00	138.21
454.00	135.48
455.00	142.98
456.00	135.51
457.00	140.27
458.00	142.13
459.00	136.11
460.00	139.98
461.00	140.14
462.00	139.01
463.00	134.45
464.00	130.81
465.00	144.94
466.00	136.99
467.00	130.55
468.00	139.26
469.00	135.11
470.00	120.93
471.00	128.94
472.00	140.81
473.00	138.34
474.00	131.87
475.00	141.13
476.00	131.33
477.00	141.89
478.00	133.00
479.00	156.03
480.00	141.59
481.00	133.51
482.00	138.88
483.00	138.13
484.00	142.74
485.00	139.00
486.00	132.41
487.00	140.51
488.00	142.38
489.00	141.22
490.00	141.97
491.00	148.24
492.00	141.98
493.00	136.54
494.00	138.00
495.00	134.46
496.00	134.91
497.00	148.08
498.00	140.52
499.00	145.11
500.00	176.38
501.00	137.71
502.00	132.80
503.00	170.24
504.00	137.65
505.00	140.74
506.00	138.54
507.00	133.98
508.00	145.26
509.00	133.16
510.00	142.66
511.00	135.80
512.00	137.41
513.00	139.95
514.00	132.26
515.00	133.07
516.00	135.03
517.00	141.44
518.00	145.76
519.00	136.14
520.00	140.19
521.00	134.68
522.00	146.87
523.00	140.42
524.00	136.79
525.00	133.67
526.00	136.79
527.00	131.01
528.00	132.11
529.00	138.94
530.00	143.08
531.00	133.59
532.00	133.77
533.00	141.10
534.00	158.26
535.00	137.41
536.00	138.34
537.00	136.13
538.00	154.82
539.00	135.35
540.00	148.00
541.00	139.41
542.00	219.59
543.00	132.60
544.00	132.96
545.00	134.32
546.00	130.64
547.00	153.78
548.00	145.52
549.00	159.01
550.00	145.56
551.00	138.73
552.00	146.86
553.00	129.15
554.00	134.78
555.00	131.59
556.00	148.06
557.00	131.67
558.00	137.76
559.00	144.14
560.00	143.32
561.00	139.87
562.00	137.66
563.00	159.32
564.00	138.07
565.00	136.03
566.00	132.66
567.00	127.07
568.00	134.21
569.00	141.75
570.00	138.87
571.00	134.12
572.00	139.44
573.00	270.65
574.00	145.52
575.00	134.34
576.00	138.68
577.00	131.30
578.00	137.23
579.00	136.81
580.00	130.39
581.00	122.96
582.00	165.19
583.00	131.06
584.00	134.74
585.00	132.72
586.00	149.40
587.00	137.80
588.00	132.56
589.00	133.47
590.00	131.80
591.00	135.31
592.00	135.11
593.00	141.06
594.00	145.22
595.00	141.53
596.00	137.45
597.00	132.20
598.00	143.34
599.00	127.02
600.00	132.35
601.00	139.31
602.00	138.17
603.00	132.72
604.00	137.04
605.00	132.77
606.00	137.96
607.00	136.38
608.00	141.81
609.00	135.72
610.00	141.52
611.00	132.98
612.00	128.36
613.00	138.57
614.00	131.95
615.00	139.52
616.00	134.95
617.00	129.76
618.00	134.07
619.00	129.74
620.00	131.80
621.00	133.31
622.00	137.46
623.00	130.85
624.00	132.45
625.00	129.07
626.00	134.12
627.00	133.37
628.00	141.77
629.00	139.12
630.00	138.32
631.00	136.01
632.00	134.02
633.00	134.11
634.00	134.91
635.00	132.04
636.00	132.17
637.00	132.03
638.00	161.54
639.00	125.27
640.00	133.18
641.00	135.87
642.00	129.28
643.00	130.34
644.00	151.51
645.00	135.80
646.00	137.63
647.00	123.94
648.00	139.15
649.00	133.54
650.00	139.10
651.00	145.07
652.00	131.04
653.00	139.51
654.00	131.29
655.00	135.30
656.00	138.43
657.00	152.94
658.00	133.06
659.00	132.63
660.00	135.55
661.00	135.22
662.00	162.80
663.00	150.08
664.00	151.14
665.00	130.53
666.00	133.94
667.00	142.09
668.00	138.73
669.00	133.24
670.00	132.78
671.00	135.27
672.00	130.53
673.00	132.61
674.00	135.97
675.00	136.39
676.00	135.98
677.00	133.03
678.00	133.15
679.00	138.08
680.00	132.02
681.00	144.19
682.00	128.30
683.00	129.87
684.00	127.37
685.00	132.88
686.00	132.70
687.00	132.98
688.00	127.40
689.00	131.87
690.00	140.09
691.00	134.73
692.00	132.10
693.00	148.59
694.00	132.08
695.00	136.12
696.00	147.69
697.00	132.07
698.00	140.29
699.00	134.75
700.00	131.36
701.00	134.16
702.00	135.15
703.00	153.66
704.00	131.48
705.00	124.88
706.00	136.42
707.00	160.39
708.00	131.36
709.00	135.01
710.00	129.77
711.00	131.86
712.00	139.56
713.00	133.41
714.00	134.59
715.00	128.00
716.00	133.62
717.00	142.83
718.00	132.81
719.00	133.82
720.00	141.13
721.00	154.38
722.00	143.50
723.00	137.15
724.00	131.79
725.00	130.88
726.00	137.12
727.00	133.91
728.00	140.94
729.00	139.59
730.00	157.44
731.00	131.92
732.00	134.48
733.00	128.15
734.00	121.11
735.00	136.13
736.00	129.75
737.00	131.18
738.00	133.26
739.00	130.36
740.00	128.08
741.00	131.60
742.00	129.78
743.00	141.97
744.00	164.27
745.00	135.27
746.00	130.21
747.00	143.92
748.00	132.76
749.00	136.31
750.00	133.80
751.00	140.82
752.00	135.19
753.00	250.80
754.00	136.17
755.00	133.57
756.00	137.01
757.00	133.44
758.00	135.85
759.00	144.73
760.00	165.34
761.00	146.84
762.00	127.72
763.00	135.77
764.00	130.05
765.00	150.06
766.00	146.55
767.00	132.14
768.00	128.74
769.00	129.29
770.00	159.15
771.00	132.26
772.00	151.21
773.00	174.49
774.00	138.40
775.00	132.30
776.00	148.03
777.00	141.29
778.00	146.03
779.00	133.07
780.00	131.29
781.00	125.22
782.00	132.90
783.00	142.29
784.00	139.94
785.00	134.88
786.00	135.97
787.00	129.60
788.00	138.89
789.00	135.38
790.00	137.52
791.00	136.25
792.00	133.26
793.00	139.41
794.00	152.12
795.00	133.10
796.00	129.90
797.00	131.65
798.00	130.64
799.00	132.10
800.00	134.96
801.00	140.63
802.00	127.59
803.00	133.32
804.00	132.38
805.00	138.78
806.00	130.32
807.00	138.95
808.00	136.44
809.00	136.36
810.00	135.51
811.00	136.89
812.00	128.21
813.00	198.13
814.00	133.50
815.00	139.10
816.00	132.97
817.00	136.38
818.00	142.46
819.00	134.12
820.00	134.06
821.00	136.90
822.00	158.46
823.00	129.16
824.00	131.14
825.00	132.97
826.00	133.89
827.00	136.26
828.00	139.96
829.00	135.70
830.00	129.75
831.00	134.67
832.00	133.21
833.00	135.46
834.00	138.78
835.00	136.13
836.00	133.17
837.00	133.23
838.00	130.20
839.00	135.38
840.00	131.50
841.00	156.82
842.00	126.16
843.00	133.35
844.00	134.24
845.00	129.95
846.00	132.47
847.00	185.41
848.00	138.78
849.00	136.46
850.00	130.21
851.00	127.82
852.00	127.03
853.00	124.81
854.00	143.65
855.00	135.30
856.00	139.59
857.00	132.50
858.00	144.19
859.00	141.16
860.00	136.22
861.00	147.18
862.00	148.50
863.00	138.21
864.00	140.23
865.00	149.31
866.00	136.70
867.00	130.47
868.00	131.42
869.00	134.26
870.00	150.03
871.00	128.09
872.00	137.83
873.00	132.97
874.00	133.01
875.00	136.87
876.00	133.09
877.00	128.10
878.00	134.65
879.00	135.87
880.00	133.24
881.00	133.58
882.00	135.55
883.00	132.46
884.00	132.47
885.00	138.71
886.00	132.90
887.00	136.30
888.00	132.39
889.00	138.14
890.00	137.20
891.00	148.07
892.00	137.36
893.00	138.66
894.00	139.08
895.00	129.98
896.00	128.06
897.00	132.16
898.00	137.90
899.00	129.52
900.00	137.14
901.00	134.52
902.00	185.46
903.00	135.14
904.00	134.97
905.00	129.84
906.00	129.64
907.00	143.70
908.00	136.83
909.00	160.32
910.00	141.36
911.00	134.20
912.00	129.92
913.00	136.13
914.00	130.11
915.00	134.03
916.00	144.01
917.00	350.95
918.00	127.97
919.00	132.56
920.00	133.98
921.00	131.18
922.00	135.01
923.00	136.90
924.00	129.43
925.00	133.49
926.00	135.39
927.00	130.56
928.00	133.16
929.00	133.78
930.00	130.01
931.00	128.46
932.00	125.76
933.00	133.97
934.00	135.40
935.00	162.52
936.00	144.89
937.00	130.45
938.00	132.57
939.00	135.64
940.00	178.87
941.00	134.09
942.00	132.12
943.00	135.91
944.00	162.72
945.00	137.95
946.00	139.08
947.00	129.67
948.00	145.98
949.00	130.93
950.00	132.41
951.00	131.37
952.00	129.82
953.00	135.75
954.00	134.48
955.00	130.82
956.00	130.04
957.00	136.40
958.00	144.65
959.00	132.06
960.00	135.34
961.00	135.34
962.00	134.13
963.00	129.34
964.00	137.10
965.00	131.34
966.00	157.93
967.00	134.96
968.00	133.65
969.00	143.93
970.00	133.03
971.00	127.82
972.00	134.08
973.00	132.46
974.00	129.92
975.00	131.68
976.00	129.79
977.00	132.04
978.00	138.95
979.00	127.92
980.00	134.14
981.00	121.84
982.00	134.83
983.00	135.58
984.00	130.66
985.00	130.84
986.00	145.16
987.00	127.77
988.00	144.72
989.00	136.34
990.00	137.32
991.00	129.01
992.00	132.84
993.00	139.72
994.00	131.30
995.00	132.91
996.00	138.41
997.00	134.85
998.00	133.91
999.00	132.37
1000.00	135.11
