-0.058911917	0	0
-0.05373057	0	0
-0.048549223	0	0
-0.043367876	1	1
-0.038186528	1	1
-0.033005181	0	0
-0.027823834	0	0
-0.022642487	0	0
-0.01746114	40	6.32455532
-0.012279793	65	8.062257748
-0.007098446	161	12.68857754
-0.001917098	108	10.39230485
0.003264249	162	12.72792206
0.008445596	556	23.57965225
0.013626943	228	15.09966887
0.01880829	373	19.31320792
0.023989637	1003	31.67017524
0.029170984	248	15.74801575
0.034352332	204	14.28285686
0.039533679	492	22.18107301
0.044715026	93	9.643650761
0.049896373	79	8.888194417
0.05507772	132	11.48912529
0.060259067	29	5.385164807
0.065440415	51	7.141428429
0.070621762	60	7.745966692
0.075803109	8	2.828427125
0.080984456	29	5.385164807
0.086165803	31	5.567764363
0.09134715	9	3
0.096528497	20	4.472135955
0.101709845	12	3.464101615
0.106891192	3	1.732050808
0.112072539	8	2.828427125
0.117253886	13	3.605551275
0.122435233	5	2.236067977
0.12761658	6	2.449489743
0.132797927	5	2.236067977
0.137979275	4	2
0.143160622	3	1.732050808
0.148341969	2	1.414213562
0.153523316	7	2.645751311
0.158704663	3	1.732050808
0.16388601	3	1.732050808
0.169067358	3	1.732050808
0.174248705	4	2
0.179430052	1	1
0.184611399	3	1.732050808
0.189792746	4	2
0.194974093	3	1.732050808
0.20015544	0	0
0.205336788	2	1.414213562
0.210518135	2	1.414213562
0.215699482	0	0
0.220880829	4	2
0.226062176	1	1
0.231243523	3	1.732050808
0.23642487	4	2
0.241606218	4	2
0.246787565	3	1.732050808
0.251968912	3	1.732050808
0.257150259	2	1.414213562
0.262331606	0	0
0.267512953	4	2
0.272694301	3	1.732050808
0.277875648	4	2
0.283056995	3	1.732050808
0.288238342	4	2
0.293419689	4	2
0.298601036	4	2
0.303782383	6	2.449489743
0.308963731	1	1
0.314145078	3	1.732050808
0.319326425	0	0
0.324507772	2	1.414213562
0.329689119	3	1.732050808
0.334870466	2	1.414213562
0.340051813	6	2.449489743
0.345233161	3	1.732050808
0.350414508	1	1
0.355595855	1	1
0.360777202	1	1
0.365958549	4	2
0.371139896	1	1
0.376321244	0	0
0.381502591	1	1
0.386683938	2	1.414213562
0.391865285	4	2
0.397046632	1	1
0.402227979	3	1.732050808
0.407409326	0	0
0.412590674	1	1
0.417772021	1	1
0.422953368	0	0
0.428134715	0	0
0.433316062	1	1
0.438497409	2	1.414213562
0.443678756	3	1.732050808
0.448860104	4	2
0.454041451	1	1
0.459222798	2	1.414213562
0.464404145	0	0
0.469585492	0	0
0.474766839	1	1
0.479948187	1	1
0.485129534	1	1
0.490310881	4	2
0.495492228	4	2
0.500673575	0	0
0.505854922	3	1.732050808
0.511036269	2	1.414213562
0.516217617	1	1
0.521398964	2	1.414213562
0.526580311	0	0
0.531761658	1	1
0.536943005	0	0
0.542124352	4	2
0.547305699	2	1.414213562
0.552487047	0	0
0.557668394	2	1.414213562
0.562849741	1	1
0.568031088	4	2
0.573212435	1	1
0.578393782	3	1.732050808
0.58357513	2	1.414213562
0.588756477	3	1.732050808
0.593937824	0	0
0.599119171	0	0
0.604300518	1	1
0.609481865	2	1.414213562
0.614663212	1	1
0.61984456	0	0
0.625025907	1	1
0.630207254	1	1
0.635388601	1	1
0.640569948	1	1
0.645751295	0	0
0.650932642	1	1
0.65611399	1	1
0.661295337	0	0
0.666476684	0	0
0.671658031	0	0
0.676839378	1	1
0.682020725	0	0
0.687202073	0	0
0.69238342	0	0
0.697564767	0	0
0.702746114	0	0
0.707927461	0	0
0.713108808	1	1
0.718290155	2	1.414213562
0.723471503	0	0
0.72865285	1	1
0.733834197	1	1
0.739015544	0	0
0.744196891	0	0
0.749378238	0	0
0.754559585	0	0
0.759740933	0	0
0.76492228	0	0
0.770103627	1	1
0.775284974	1	1
0.780466321	0	0
0.785647668	2	1.414213562
0.790829016	1	1
0.796010363	0	0
0.80119171	0	0
0.806373057	1	1
0.811554404	2	1.414213562
0.816735751	0	0
0.821917098	0	0
0.827098446	0	0
0.832279793	5	2.236067977
0.83746114	0	0
0.842642487	1	1
0.847823834	0	0
0.853005181	1	1
0.858186528	0	0
0.863367876	1	1
0.868549223	0	0
0.87373057	1	1
0.878911917	0	0
0.884093264	1	1
0.889274611	0	0
0.894455959	0	0
0.899637306	1	1
0.904818653	0	0
0.91	1	1
0.915181347	0	0
0.920362694	0	0
0.925544041	2	1.414213562
0.930725389	0	0
0.935906736	1	1
0.941088083	0	0
0.94626943	2	1.414213562
0.951450777	2	1.414213562
0.956632124	1	1
0.961813472	0	0
0.966994819	1	1
0.972176166	1	1
0.977357513	1	1
0.98253886	0	0
0.987720207	2	1.414213562
0.992901554	2	1.414213562
0.998082902	0	0
1.003264249	2	1.414213562
1.008445596	0	0
1.013626943	0	0
1.01880829	2	1.414213562
1.023989637	6	2.449489743
1.029170984	2	1.414213562
1.034352332	4	2
1.039533679	1	1
1.044715026	5	2.236067977
1.049896373	2	1.414213562
1.05507772	1	1
1.060259067	3	1.732050808
1.065440415	10	3.16227766
1.070621762	8	2.828427125
1.075803109	7	2.645751311
1.080984456	16	4
1.086165803	12	3.464101615
1.09134715	15	3.872983346
1.096528497	24	4.898979486
1.101709845	14	3.741657387
1.106891192	38	6.164414003
1.112072539	30	5.477225575
1.117253886	34	5.830951895
1.122435233	30	5.477225575
1.12761658	32	5.656854249
1.132797927	38	6.164414003
1.137979275	27	5.196152423
1.143160622	29	5.385164807
1.148341969	33	5.744562647
1.153523316	33	5.744562647
1.158704663	28	5.291502622
1.16388601	25	5
1.169067358	23	4.795831523
1.174248705	15	3.872983346
1.179430052	10	3.16227766
1.184611399	11	3.31662479
1.189792746	7	2.645751311
1.194974093	9	3
1.20015544	2	1.414213562
1.205336788	3	1.732050808
1.210518135	5	2.236067977
1.215699482	2	1.414213562
1.220880829	2	1.414213562
1.226062176	8	2.828427125
1.231243523	1	1
1.23642487	3	1.732050808
1.241606218	4	2
1.246787565	0	0
1.251968912	3	1.732050808
1.257150259	2	1.414213562
1.262331606	3	1.732050808
1.267512953	1	1
1.272694301	0	0
1.277875648	0	0
1.283056995	1	1
1.288238342	1	1
1.293419689	0	0
1.298601036	0	0
1.303782383	0	0
1.308963731	3	1.732050808
1.314145078	1	1
1.319326425	1	1
1.324507772	1	1
1.329689119	0	0
1.334870466	0	0
1.340051813	1	1
1.345233161	2	1.414213562
1.350414508	1	1
1.355595855	0	0
1.360777202	0	0
1.365958549	0	0
1.371139896	0	0
1.376321244	1	1
1.381502591	1	1
1.386683938	1	1
1.391865285	1	1
1.397046632	0	0
1.402227979	0	0
1.407409326	1	1
1.412590674	1	1
1.417772021	1	1
1.422953368	0	0
1.428134715	1	1
1.433316062	0	0
1.438497409	0	0
1.443678756	1	1
1.448860104	0	0
1.454041451	0	0
1.459222798	1	1
1.464404145	0	0
1.469585492	1	1
1.474766839	0	0
1.479948187	0	0
1.485129534	1	1
1.490310881	2	1.414213562
1.495492228	1	1
1.500673575	0	0
1.505854922	0	0
1.511036269	0	0
1.516217617	2	1.414213562
1.521398964	1	1
1.526580311	0	0
1.531761658	0	0
1.536943005	0	0
1.542124352	0	0
1.547305699	0	0
1.552487047	1	1
1.557668394	1	1
1.562849741	0	0
1.568031088	3	1.732050808
1.573212435	0	0
1.578393782	0	0
1.58357513	0	0
1.588756477	0	0
1.593937824	1	1
1.599119171	0	0
1.604300518	0	0
1.609481865	1	1
1.614663212	0	0
1.61984456	0	0
1.625025907	0	0
1.630207254	0	0
1.635388601	0	0
1.640569948	0	0
1.645751295	0	0
1.650932642	0	0
1.65611399	0	0
1.661295337	0	0
1.666476684	2	1.414213562
1.671658031	0	0
1.676839378	0	0
1.682020725	0	0
1.687202073	0	0
1.69238342	0	0
1.697564767	1	1
1.702746114	0	0
1.707927461	0	0
1.713108808	0	0
1.718290155	0	0
1.723471503	1	1
1.72865285	0	0
1.733834197	1	1
1.739015544	0	0
1.744196891	0	0
1.749378238	0	0
1.754559585	0	0
1.759740933	0	0
1.76492228	0	0
1.770103627	1	1
1.775284974	1	1
1.780466321	0	0
1.785647668	0	0
1.790829016	0	0
1.796010363	0	0
1.80119171	1	1
1.806373057	0	0
1.811554404	0	0
1.816735751	0	0
1.821917098	0	0
1.827098446	0	0
1.832279793	0	0
1.83746114	1	1
1.842642487	0	0
1.847823834	0	0
1.853005181	1	1
1.858186528	3	1.732050808
1.863367876	0	0
1.868549223	0	0
1.87373057	0	0
1.878911917	1	1
1.884093264	0	0
1.889274611	0	0
1.894455959	0	0
1.899637306	1	1
1.904818653	0	0
1.91	0	0
1.915181347	1	1
1.920362694	0	0
1.925544041	0	0
1.930725389	0	0
1.935906736	1	1
1.941088083	0	0
1.94626943	0	0
1.951450777	0	0
1.956632124	0	0
1.961813472	0	0
1.966994819	0	0
1.972176166	0	0
1.977357513	0	0
1.98253886	0	0
1.987720207	0	0
1.992901554	0	0
1.998082902	1	1
2.003264249	0	0
2.008445596	0	0
2.013626943	0	0
2.01880829	1	1
2.023989637	0	0
2.029170984	0	0
2.034352332	1	1
2.039533679	1	1
2.044715026	1	1
2.049896373	0	0
2.05507772	1	1
2.060259067	0	0
2.065440415	0	0
2.070621762	0	0
2.075803109	0	0
2.080984456	0	0
2.086165803	0	0
2.09134715	0	0
2.096528497	0	0
2.101709845	0	0
2.106891192	0	0
2.112072539	0	0
2.117253886	1	1
2.122435233	0	0
2.12761658	2	1.414213562
2.132797927	0	0
2.137979275	0	0
2.143160622	0	0
2.148341969	0	0
2.153523316	0	0
2.158704663	0	0
2.16388601	0	0
2.169067358	0	0
2.174248705	0	0
2.179430052	1	1
2.184611399	0	0
2.189792746	1	1
2.194974093	0	0
2.20015544	0	0
2.205336788	0	0
2.210518135	0	0
2.215699482	1	1
2.220880829	1	1
2.226062176	0	0
2.231243523	1	1
2.23642487	0	0
2.241606218	1	1
2.246787565	0	0
2.251968912	1	1
2.257150259	0	0
2.262331606	0	0
2.267512953	0	0
2.272694301	0	0
2.277875648	0	0
2.283056995	1	1
2.288238342	0	0
2.293419689	0	0
2.298601036	0	0
2.303782383	0	0
2.308963731	1	1
2.314145078	0	0
2.319326425	0	0
2.324507772	1	1
2.329689119	0	0
2.334870466	0	0
2.340051813	0	0
2.345233161	0	0
2.350414508	2	1.414213562
2.355595855	0	0
2.360777202	0	0
2.365958549	0	0
2.371139896	1	1
2.376321244	0	0
2.381502591	0	0
2.386683938	0	0
2.391865285	0	0
2.397046632	1	1
2.402227979	0	0
2.407409326	0	0
2.412590674	0	0
2.417772021	0	0
2.422953368	0	0
2.428134715	0	0
2.433316062	0	0
2.438497409	0	0
2.443678756	0	0
2.448860104	0	0
2.454041451	0	0
2.459222798	0	0
2.464404145	0	0
2.469585492	0	0
2.474766839	0	0
2.479948187	0	0
2.485129534	1	1
2.490310881	0	0
2.495492228	0	0
2.500673575	0	0
2.505854922	0	0
2.511036269	0	0
2.516217617	0	0
2.521398964	0	0
2.526580311	0	0
2.531761658	0	0
2.536943005	0	0
2.542124352	0	0
2.547305699	2	1.414213562
2.552487047	0	0
2.557668394	0	0
2.562849741	0	0
2.568031088	0	0
2.573212435	0	0
2.578393782	0	0
2.58357513	0	0
2.588756477	0	0
2.593937824	0	0
2.599119171	0	0
2.604300518	0	0
2.609481865	2	1.414213562
2.614663212	0	0
2.61984456	1	1
2.625025907	0	0
2.630207254	0	0
2.635388601	0	0
2.640569948	0	0
2.645751295	0	0
2.650932642	0	0
2.65611399	1	1
2.661295337	0	0
2.666476684	1	1
2.671658031	0	0
2.676839378	0	0
2.682020725	1	1
2.687202073	0	0
2.69238342	1	1
2.697564767	1	1
2.702746114	1	1
2.707927461	0	0
2.713108808	2	1.414213562
2.718290155	2	1.414213562
2.723471503	0	0
2.72865285	1	1
2.733834197	0	0
2.739015544	0	0
2.744196891	0	0
2.749378238	0	0
2.754559585	0	0
2.759740933	0	0
2.76492228	1	1
2.770103627	0	0
2.775284974	0	0
2.780466321	0	0
2.785647668	1	1
2.790829016	0	0
2.796010363	0	0
2.80119171	0	0
2.806373057	0	0
2.811554404	0	0
2.816735751	1	1
2.821917098	0	0
2.827098446	0	0
2.832279793	1	1
2.83746114	0	0
2.842642487	0	0
2.847823834	0	0
2.853005181	0	0
2.858186528	0	0
2.863367876	1	1
2.868549223	0	0
2.87373057	1	1
2.878911917	1	1
2.884093264	0	0
2.889274611	0	0
2.894455959	1	1
2.899637306	0	0
2.904818653	0	0
2.91	0	0
2.915181347	0	0
2.920362694	0	0
2.925544041	0	0
2.930725389	0	0
2.935906736	0	0
2.941088083	0	0
2.94626943	0	0
2.951450777	0	0
2.956632124	0	0
2.961813472	0	0
2.966994819	0	0
2.972176166	0	0
2.977357513	0	0
2.98253886	0	0
2.987720207	0	0
2.992901554	1	1
2.998082902	0	0
3.003264249	0	0
3.008445596	0	0
3.013626943	0	0
3.01880829	1	1
3.023989637	0	0
3.029170984	0	0
3.034352332	0	0
3.039533679	0	0
3.044715026	0	0
3.049896373	0	0
3.05507772	1	1
3.060259067	0	0
3.065440415	0	0
3.070621762	1	1
3.075803109	0	0
3.080984456	0	0
3.086165803	0	0
3.09134715	1	1
3.096528497	0	0
3.101709845	1	1
3.106891192	0	0
3.112072539	0	0
3.117253886	0	0
3.122435233	0	0
3.12761658	0	0
3.132797927	0	0
3.137979275	0	0
3.143160622	0	0
3.148341969	0	0
3.153523316	0	0
3.158704663	0	0
3.16388601	0	0
3.169067358	0	0
3.174248705	0	0
3.179430052	0	0
3.184611399	0	0
3.189792746	0	0
3.194974093	0	0
3.20015544	0	0
3.205336788	0	0
3.210518135	0	0
3.215699482	0	0
3.220880829	0	0
3.226062176	0	0
3.231243523	0	0
3.23642487	0	0
3.241606218	0	0
3.246787565	0	0
3.251968912	0	0
3.257150259	1	1
3.262331606	0	0
3.267512953	0	0
3.272694301	0	0
3.277875648	0	0
3.283056995	0	0
3.288238342	1	1
3.293419689	0	0
3.298601036	1	1
3.303782383	0	0
3.308963731	0	0
3.314145078	0	0
3.319326425	0	0
3.324507772	0	0
3.329689119	0	0
3.334870466	1	1
3.340051813	0	0
3.345233161	0	0
3.350414508	0	0
3.355595855	1	1
3.360777202	0	0
3.365958549	1	1
3.371139896	0	0
3.376321244	0	0
3.381502591	1	1
3.386683938	0	0
3.391865285	1	1
3.397046632	0	0
3.402227979	1	1
3.407409326	0	0
3.412590674	1	1
3.417772021	0	0
3.422953368	1	1
3.428134715	0	0
3.433316062	1	1
3.438497409	1	1
3.443678756	0	0
3.448860104	0	0
3.454041451	0	0
3.459222798	0	0
3.464404145	0	0
3.469585492	0	0
3.474766839	1	1
3.479948187	0	0
3.485129534	0	0
3.490310881	1	1
3.495492228	0	0
3.500673575	1	1
3.505854922	0	0
3.511036269	1	1
3.516217617	0	0
3.521398964	0	0
3.526580311	1	1
3.531761658	1	1
3.536943005	0	0
3.542124352	0	0
3.547305699	1	1
3.552487047	0	0
3.557668394	0	0
3.562849741	0	0
3.568031088	0	0
3.573212435	0	0
3.578393782	0	0
3.58357513	0	0
3.588756477	0	0
3.593937824	0	0
3.599119171	0	0
3.604300518	0	0
3.609481865	0	0
3.614663212	0	0
3.61984456	0	0
3.625025907	0	0
3.630207254	0	0
3.635388601	0	0
3.640569948	0	0
3.645751295	0	0
3.650932642	0	0
3.65611399	0	0
3.661295337	1	1
3.666476684	1	1
3.671658031	0	0
3.676839378	0	0
3.682020725	0	0
3.687202073	0	0
3.69238342	1	1
3.697564767	0	0
3.702746114	0	0
3.707927461	0	0
3.713108808	0	0
3.718290155	0	0
3.723471503	0	0
3.72865285	0	0
3.733834197	0	0
3.739015544	0	0
3.744196891	1	1
3.749378238	1	1
3.754559585	1	1
3.759740933	0	0
3.76492228	1	1
3.770103627	0	0
3.775284974	0	0
3.780466321	0	0
3.785647668	0	0
3.790829016	1	1
3.796010363	0	0
3.80119171	0	0
3.806373057	1	1
3.811554404	0	0
3.816735751	0	0
3.821917098	0	0
3.827098446	1	1
3.832279793	0	0
3.83746114	0	0
3.842642487	0	0
3.847823834	0	0
3.853005181	0	0
3.858186528	0	0
3.863367876	0	0
3.868549223	2	1.414213562
3.87373057	0	0
3.878911917	0	0
3.884093264	0	0
3.889274611	0	0
3.894455959	0	0
3.899637306	0	0
3.904818653	1	1
3.91	0	0
3.915181347	0	0
3.920362694	0	0
3.925544041	0	0
3.930725389	0	0
3.935906736	0	0
3.941088083	0	0
3.94626943	0	0
3.951450777	0	0
3.956632124	0	0
3.961813472	0	0
3.966994819	0	0
3.972176166	0	0
3.977357513	0	0
3.98253886	0	0
3.987720207	1	1
3.992901554	0	0
3.998082902	0	0
4.003264249	0	0
4.008445596	0	0
4.013626943	0	0
4.01880829	0	0
4.023989637	0	0
4.029170984	1	1
4.034352332	0	0
4.039533679	0	0
4.044715026	0	0
4.049896373	0	0
4.05507772	0	0
4.060259067	0	0
4.065440415	1	1
4.070621762	0	0
4.075803109	0	0
4.080984456	1	1
4.086165803	0	0
4.09134715	0	0
4.096528497	1	1
4.101709845	0	0
4.106891192	0	0
4.112072539	1	1
4.117253886	0	0
4.122435233	0	0
4.12761658	0	0
4.132797927	0	0
4.137979275	0	0
4.143160622	1	1
4.148341969	0	0
4.153523316	0	0
4.158704663	0	0
4.16388601	0	0
4.169067358	0	0
4.174248705	0	0
4.179430052	1	1
4.184611399	0	0
4.189792746	0	0
4.194974093	0	0
4.20015544	0	0
4.205336788	1	1
4.210518135	0	0
4.215699482	0	0
4.220880829	0	0
4.226062176	0	0
4.231243523	0	0
4.23642487	0	0
4.241606218	0	0
4.246787565	0	0
4.251968912	0	0
4.257150259	0	0
4.262331606	0	0
4.267512953	0	0
4.272694301	2	1.414213562
4.277875648	0	0
4.283056995	0	0
4.288238342	1	1
4.293419689	0	0
4.298601036	0	0
4.303782383	0	0
4.308963731	1	1
4.314145078	1	1
4.319326425	0	0
4.324507772	0	0
4.329689119	1	1
4.334870466	0	0
4.340051813	0	0
4.345233161	0	0
4.350414508	0	0
4.355595855	0	0
4.360777202	0	0
4.365958549	0	0
4.371139896	0	0
4.376321244	1	1
4.381502591	0	0
4.386683938	0	0
4.391865285	0	0
4.397046632	0	0
4.402227979	1	1
4.407409326	0	0
4.412590674	0	0
4.417772021	0	0
4.422953368	0	0
4.428134715	0	0
4.433316062	0	0
4.438497409	0	0
4.443678756	0	0
4.448860104	1	1
4.454041451	0	0
4.459222798	0	0
4.464404145	0	0
4.469585492	0	0
4.474766839	1	1
4.479948187	0	0
4.485129534	0	0
4.490310881	0	0
4.495492228	0	0
4.500673575	0	0
4.505854922	0	0
4.511036269	0	0
4.516217617	1	1
4.521398964	0	0
4.526580311	0	0
4.531761658	0	0
4.536943005	0	0
4.542124352	0	0
4.547305699	0	0
4.552487047	0	0
4.557668394	0	0
4.562849741	0	0
4.568031088	0	0
4.573212435	0	0
4.578393782	0	0
4.58357513	0	0
4.588756477	0	0
4.593937824	0	0
4.599119171	0	0
4.604300518	0	0
4.609481865	0	0
4.614663212	1	1
4.61984456	0	0
4.625025907	0	0
4.630207254	0	0
4.635388601	0	0
4.640569948	1	1
4.645751295	0	0
4.650932642	0	0
4.65611399	0	0
4.661295337	0	0
4.666476684	0	0
4.671658031	0	0
4.676839378	0	0
4.682020725	0	0
4.687202073	1	1
4.69238342	0	0
4.697564767	0	0
4.702746114	0	0
4.707927461	1	1
4.713108808	1	1
4.718290155	0	0
4.723471503	0	0
4.72865285	0	0
4.733834197	0	0
4.739015544	0	0
4.744196891	0	0
4.749378238	1	1
4.754559585	0	0
4.759740933	0	0
4.76492228	0	0
4.770103627	0	0
4.775284974	0	0
4.780466321	0	0
4.785647668	0	0
4.790829016	0	0
4.796010363	0	0
4.80119171	0	0
4.806373057	0	0
4.811554404	0	0
4.816735751	0	0
4.821917098	0	0
4.827098446	0	0
4.832279793	0	0
4.83746114	0	0
4.842642487	0	0
4.847823834	0	0
4.853005181	0	0
4.858186528	0	0
4.863367876	0	0
4.868549223	0	0
4.87373057	0	0
4.878911917	0	0
4.884093264	0	0
4.889274611	0	0
4.894455959	0	0
4.899637306	0	0
4.904818653	0	0
4.91	0	0
4.915181347	0	0
4.920362694	0	0
4.925544041	0	0
4.930725389	0	0
4.935906736	0	0
4.941088083	0	0
4.94626943	0	0
4.951450777	0	0
4.956632124	0	0
4.961813472	0	0
4.966994819	0	0
4.972176166	0	0
4.977357513	0	0
4.98253886	0	0
4.987720207	0	0
4.992901554	0	0
4.998082902	0	0
5.003264249	0	0
5.008445596	0	0
5.013626943	0	0
5.01880829	0	0
5.023989637	0	0
5.029170984	0	0
5.034352332	0	0
5.039533679	0	0
5.044715026	0	0
5.049896373	0	0
5.05507772	0	0
5.060259067	0	0
5.065440415	0	0
5.070621762	0	0
5.075803109	0	0
5.080984456	0	0
5.086165803	0	0
5.09134715	0	0
5.096528497	0	0
5.101709845	0	0
5.106891192	0	0
5.112072539	0	0
5.117253886	1	1
5.122435233	0	0
5.12761658	0	0
5.132797927	0	0
5.137979275	3	1.732050808
5.143160622	0	0
5.148341969	0	0
5.153523316	0	0
5.158704663	1	1
5.16388601	0	0
5.169067358	0	0
5.174248705	0	0
5.179430052	0	0
5.184611399	0	0
5.189792746	0	0
5.194974093	0	0
5.20015544	0	0
5.205336788	0	0
5.210518135	0	0
5.215699482	0	0
5.220880829	0	0
5.226062176	0	0
5.231243523	0	0
5.23642487	0	0
5.241606218	0	0
5.246787565	0	0
5.251968912	0	0
5.257150259	0	0
5.262331606	0	0
5.267512953	0	0
5.272694301	0	0
5.277875648	0	0
5.283056995	0	0
5.288238342	0	0
5.293419689	0	0
5.298601036	0	0
5.303782383	0	0
5.308963731	0	0
5.314145078	0	0
5.319326425	1	1
5.324507772	0	0
5.329689119	0	0
5.334870466	0	0
5.340051813	0	0
5.345233161	0	0
5.350414508	0	0
5.355595855	0	0
5.360777202	0	0
5.365958549	0	0
5.371139896	0	0
5.376321244	0	0
5.381502591	0	0
5.386683938	0	0
5.391865285	0	0
5.397046632	0	0
5.402227979	0	0
5.407409326	0	0
5.412590674	0	0
5.417772021	1	1
5.422953368	0	0
5.428134715	0	0
5.433316062	0	0
5.438497409	0	0
5.443678756	0	0
5.448860104	0	0
5.454041451	0	0
5.459222798	1	1
5.464404145	0	0
5.469585492	0	0
5.474766839	0	0
5.479948187	0	0
5.485129534	0	0
5.490310881	0	0
5.495492228	0	0
5.500673575	0	0
5.505854922	0	0
5.511036269	0	0
5.516217617	0	0
5.521398964	0	0
5.526580311	0	0
5.531761658	1	1
5.536943005	0	0
5.542124352	0	0
5.547305699	0	0
5.552487047	0	0
5.557668394	0	0
5.562849741	0	0
5.568031088	0	0
5.573212435	0	0
5.578393782	0	0
5.58357513	0	0
5.588756477	0	0
5.593937824	0	0
5.599119171	0	0
5.604300518	0	0
5.609481865	0	0
5.614663212	0	0
5.61984456	0	0
5.625025907	0	0
5.630207254	0	0
5.635388601	0	0
5.640569948	0	0
5.645751295	0	0
5.650932642	0	0
5.65611399	0	0
5.661295337	1	1
5.666476684	0	0
5.671658031	0	0
5.676839378	0	0
5.682020725	0	0
5.687202073	0	0
5.69238342	0	0
5.697564767	0	0
5.702746114	0	0
5.707927461	0	0
5.713108808	0	0
5.718290155	0	0
5.723471503	0	0
5.72865285	0	0
5.733834197	0	0
5.739015544	0	0
5.744196891	0	0
5.749378238	0	0
5.754559585	0	0
5.759740933	0	0
5.76492228	0	0
5.770103627	0	0
5.775284974	0	0
5.780466321	0	0
5.785647668	0	0
5.790829016	0	0
5.796010363	0	0
5.80119171	0	0
5.806373057	0	0
5.811554404	0	0
5.816735751	0	0
5.821917098	0	0
5.827098446	0	0
5.832279793	0	0
5.83746114	0	0
5.842642487	0	0
5.847823834	0	0
5.853005181	0	0
5.858186528	0	0
5.863367876	0	0
5.868549223	0	0
5.87373057	0	0
5.878911917	0	0
5.884093264	0	0
5.889274611	0	0
5.894455959	0	0
5.899637306	0	0
5.904818653	0	0
5.91	0	0
5.915181347	1	1
5.920362694	0	0
5.925544041	0	0
5.930725389	0	0
5.935906736	1	1
5.941088083	0	0
5.94626943	0	0
5.951450777	0	0
5.956632124	0	0
5.961813472	2	1.414213562
5.966994819	0	0
5.972176166	0	0
5.977357513	0	0
5.98253886	0	0
5.987720207	0	0
5.992901554	0	0
5.998082902	0	0
6.003264249	1	1
6.008445596	0	0
6.013626943	0	0
6.01880829	0	0
6.023989637	0	0
6.029170984	0	0
6.034352332	0	0
6.039533679	0	0
6.044715026	0	0
6.049896373	0	0
6.05507772	0	0
6.060259067	0	0
6.065440415	0	0
6.070621762	0	0
6.075803109	0	0
6.080984456	0	0
6.086165803	0	0
6.09134715	0	0
6.096528497	0	0
6.101709845	0	0
6.106891192	0	0
6.112072539	0	0
6.117253886	0	0
6.122435233	0	0
6.12761658	0	0
6.132797927	0	0
6.137979275	1	1
6.143160622	0	0
6.148341969	0	0
6.153523316	0	0
6.158704663	1	1
6.16388601	0	0
6.169067358	0	0
6.174248705	0	0
6.179430052	0	0
6.184611399	0	0
6.189792746	0	0
6.194974093	0	0
6.20015544	0	0
6.205336788	1	1
6.210518135	0	0
6.215699482	0	0
6.220880829	0	0
6.226062176	0	0
6.231243523	0	0
6.23642487	1	1
6.241606218	0	0
6.246787565	0	0
6.251968912	0	0
6.257150259	0	0
6.262331606	0	0
6.267512953	0	0
6.272694301	0	0
6.277875648	0	0
6.283056995	0	0
6.288238342	0	0
6.293419689	0	0
6.298601036	0	0
6.303782383	0	0
6.308963731	0	0
6.314145078	0	0
6.319326425	0	0
6.324507772	0	0
6.329689119	0	0
6.334870466	0	0
6.340051813	0	0
6.345233161	0	0
6.350414508	0	0
6.355595855	1	1
6.360777202	0	0
6.365958549	0	0
6.371139896	2	1.414213562
6.376321244	0	0
6.381502591	0	0
6.386683938	0	0
6.391865285	0	0
6.397046632	0	0
6.402227979	0	0
6.407409326	0	0
6.412590674	1	1
6.417772021	1	1
6.422953368	0	0
6.428134715	0	0
6.433316062	0	0
6.438497409	0	0
6.443678756	0	0
6.448860104	0	0
6.454041451	0	0
6.459222798	0	0
6.464404145	0	0
6.469585492	0	0
6.474766839	0	0
6.479948187	0	0
6.485129534	0	0
6.490310881	0	0
6.495492228	0	0
6.500673575	0	0
6.505854922	0	0
6.511036269	0	0
6.516217617	0	0
6.521398964	0	0
6.526580311	0	0
6.531761658	0	0
6.536943005	0	0
6.542124352	0	0
6.547305699	0	0
6.552487047	0	0
6.557668394	0	0
6.562849741	1	1
6.568031088	0	0
6.573212435	0	0
6.578393782	0	0
6.58357513	0	0
6.588756477	0	0
6.593937824	0	0
6.599119171	0	0
6.604300518	0	0
6.609481865	0	0
6.614663212	0	0
6.61984456	0	0
6.625025907	0	0
6.630207254	0	0
6.635388601	0	0
6.640569948	0	0
6.645751295	0	0
6.650932642	0	0
6.65611399	0	0
6.661295337	0	0
6.666476684	0	0
6.671658031	0	0
6.676839378	0	0
6.682020725	0	0
6.687202073	0	0
6.69238342	0	0
6.697564767	0	0
6.702746114	1	1
6.707927461	0	0
6.713108808	0	0
6.718290155	0	0
6.723471503	0	0
6.72865285	0	0
6.733834197	0	0
6.739015544	0	0
6.744196891	0	0
6.749378238	0	0
6.754559585	0	0
6.759740933	0	0
6.76492228	1	1
6.770103627	0	0
6.775284974	0	0
6.780466321	0	0
6.785647668	0	0
6.790829016	1	1
6.796010363	0	0
6.80119171	0	0
6.806373057	0	0
6.811554404	0	0
6.816735751	0	0
6.821917098	0	0
6.827098446	0	0
6.832279793	0	0
6.83746114	0	0
6.842642487	0	0
6.847823834	0	0
6.853005181	0	0
6.858186528	0	0
6.863367876	0	0
6.868549223	0	0
6.87373057	0	0
6.878911917	0	0
6.884093264	0	0
6.889274611	1	1
6.894455959	0	0
6.899637306	0	0
6.904818653	0	0
6.91	0	0
6.915181347	0	0
6.920362694	0	0
6.925544041	0	0
6.930725389	0	0
6.935906736	0	0
6.941088083	0	0
6.94626943	0	0
6.951450777	0	0
6.956632124	0	0
6.961813472	0	0
6.966994819	0	0
6.972176166	0	0
6.977357513	0	0
6.98253886	0	0
6.987720207	0	0
6.992901554	0	0
6.998082902	0	0
7.003264249	0	0
7.008445596	0	0
7.013626943	0	0
7.01880829	0	0
7.023989637	0	0
7.029170984	0	0
7.034352332	0	0
7.039533679	0	0
7.044715026	0	0
7.049896373	0	0
7.05507772	0	0
7.060259067	0	0
7.065440415	0	0
7.070621762	0	0
7.075803109	0	0
7.080984456	0	0
7.086165803	0	0
7.09134715	0	0
7.096528497	0	0
7.101709845	0	0
7.106891192	0	0
7.112072539	0	0
7.117253886	0	0
7.122435233	0	0
7.12761658	0	0
7.132797927	1	1
7.137979275	0	0
7.143160622	0	0
7.148341969	0	0
7.153523316	0	0
7.158704663	0	0
7.16388601	0	0
7.169067358	0	0
7.174248705	0	0
7.179430052	0	0
7.184611399	0	0
7.189792746	0	0
7.194974093	0	0
7.20015544	0	0
7.205336788	0	0
7.210518135	0	0
7.215699482	0	0
7.220880829	0	0
7.226062176	0	0
7.231243523	0	0
7.23642487	0	0
7.241606218	0	0
7.246787565	0	0
7.251968912	0	0
7.257150259	0	0
7.262331606	0	0
7.267512953	0	0
7.272694301	0	0
7.277875648	0	0
7.283056995	0	0
7.288238342	0	0
7.293419689	0	0
7.298601036	0	0
7.303782383	0	0
7.308963731	1	1
7.314145078	0	0
7.319326425	0	0
7.324507772	0	0
7.329689119	0	0
7.334870466	0	0
7.340051813	0	0
7.345233161	0	0
7.350414508	0	0
7.355595855	0	0
7.360777202	0	0
7.365958549	0	0
7.371139896	0	0
7.376321244	0	0
7.381502591	0	0
7.386683938	0	0
7.391865285	0	0
7.397046632	0	0
7.402227979	0	0
7.407409326	0	0
7.412590674	0	0
7.417772021	0	0
7.422953368	0	0
7.428134715	0	0
7.433316062	0	0
7.438497409	0	0
7.443678756	0	0
7.448860104	0	0
7.454041451	0	0
7.459222798	0	0
7.464404145	0	0
7.469585492	0	0
7.474766839	0	0
7.479948187	0	0
7.485129534	0	0
7.490310881	0	0
7.495492228	0	0
7.500673575	0	0
7.505854922	0	0
7.511036269	0	0
7.516217617	0	0
7.521398964	0	0
7.526580311	0	0
7.531761658	0	0
7.536943005	0	0
7.542124352	0	0
7.547305699	0	0
7.552487047	0	0
7.557668394	0	0
7.562849741	0	0
7.568031088	0	0
7.573212435	0	0
7.578393782	0	0
7.58357513	0	0
7.588756477	0	0
7.593937824	0	0
7.599119171	0	0
7.604300518	0	0
7.609481865	0	0
7.614663212	0	0
7.61984456	0	0
7.625025907	0	0
7.630207254	0	0
7.635388601	0	0
7.640569948	0	0
7.645751295	0	0
7.650932642	0	0
7.65611399	0	0
7.661295337	0	0
7.666476684	0	0
7.671658031	0	0
7.676839378	0	0
7.682020725	0	0
7.687202073	0	0
7.69238342	0	0
7.697564767	0	0
7.702746114	0	0
7.707927461	0	0
7.713108808	0	0
7.718290155	0	0
7.723471503	0	0
7.72865285	0	0
7.733834197	0	0
7.739015544	0	0
7.744196891	0	0
7.749378238	0	0
7.754559585	0	0
7.759740933	0	0
7.76492228	0	0
7.770103627	0	0
7.775284974	0	0
7.780466321	0	0
7.785647668	0	0
7.790829016	0	0
7.796010363	0	0
7.80119171	0	0
7.806373057	0	0
7.811554404	0	0
7.816735751	0	0
7.821917098	0	0
7.827098446	0	0
7.832279793	0	0
7.83746114	0	0
7.842642487	0	0
7.847823834	0	0
7.853005181	0	0
7.858186528	0	0
7.863367876	0	0
7.868549223	0	0
7.87373057	0	0
7.878911917	0	0
7.884093264	0	0
7.889274611	0	0
7.894455959	0	0
7.899637306	0	0
7.904818653	0	0
7.91	0	0
7.915181347	0	0
7.920362694	0	0
7.925544041	0	0
7.930725389	0	0
7.935906736	0	0
7.941088083	0	0
7.94626943	0	0
7.951450777	0	0
7.956632124	0	0
7.961813472	0	0
7.966994819	0	0
7.972176166	0	0
7.977357513	0	0
7.98253886	0	0
7.987720207	0	0
7.992901554	0	0
7.998082902	0	0
8.003264249	0	0
8.008445596	0	0
8.013626943	0	0
8.01880829	0	0
8.023989637	0	0
8.029170984	0	0
8.034352332	0	0
8.039533679	0	0
8.044715026	0	0
8.049896373	0	0
8.05507772	0	0
8.060259067	0	0
8.065440415	0	0
8.070621762	0	0
8.075803109	0	0
8.080984456	0	0
8.086165803	0	0
8.09134715	0	0
8.096528497	0	0
8.101709845	0	0
8.106891192	0	0
8.112072539	0	0
8.117253886	0	0
8.122435233	0	0
8.12761658	0	0
8.132797927	0	0
8.137979275	0	0
8.143160622	0	0
8.148341969	0	0
8.153523316	0	0
8.158704663	0	0
8.16388601	0	0
8.169067358	0	0
8.174248705	0	0
8.179430052	0	0
8.184611399	0	0
8.189792746	0	0
8.194974093	0	0
8.20015544	0	0
8.205336788	0	0
8.210518135	0	0
8.215699482	0	0
8.220880829	0	0
8.226062176	0	0
8.231243523	0	0
8.23642487	0	0
8.241606218	0	0
8.246787565	0	0
8.251968912	0	0
8.257150259	0	0
8.262331606	0	0
8.267512953	0	0
8.272694301	0	0
8.277875648	0	0
8.283056995	0	0
8.288238342	0	0
8.293419689	0	0
8.298601036	0	0
8.303782383	0	0
8.308963731	0	0
8.314145078	0	0
8.319326425	0	0
8.324507772	0	0
8.329689119	0	0
8.334870466	0	0
8.340051813	0	0
8.345233161	0	0
8.350414508	0	0
8.355595855	0	0
8.360777202	0	0
8.365958549	0	0
8.371139896	0	0
8.376321244	0	0
8.381502591	0	0
8.386683938	0	0
8.391865285	0	0
8.397046632	0	0
8.402227979	0	0
8.407409326	0	0
8.412590674	0	0
8.417772021	0	0
8.422953368	0	0
8.428134715	0	0
8.433316062	0	0
8.438497409	0	0
8.443678756	0	0
8.448860104	0	0
8.454041451	0	0
8.459222798	0	0
8.464404145	0	0
8.469585492	0	0
8.474766839	0	0
8.479948187	0	0
8.485129534	0	0
8.490310881	0	0
8.495492228	0	0
8.500673575	0	0
8.505854922	0	0
8.511036269	0	0
8.516217617	0	0
8.521398964	0	0
8.526580311	0	0
8.531761658	0	0
8.536943005	0	0
8.542124352	0	0
8.547305699	0	0
8.552487047	0	0
8.557668394	0	0
8.562849741	0	0
8.568031088	0	0
8.573212435	0	0
8.578393782	0	0
8.58357513	0	0
8.588756477	0	0
8.593937824	0	0
8.599119171	0	0
8.604300518	0	0
8.609481865	0	0
8.614663212	0	0
8.61984456	0	0
8.625025907	0	0
8.630207254	0	0
8.635388601	0	0
8.640569948	0	0
8.645751295	0	0
8.650932642	0	0
8.65611399	0	0
8.661295337	0	0
8.666476684	0	0
8.671658031	0	0
8.676839378	0	0
8.682020725	0	0
8.687202073	0	0
8.69238342	0	0
8.697564767	0	0
8.702746114	0	0
8.707927461	0	0
8.713108808	0	0
8.718290155	0	0
8.723471503	0	0
8.72865285	0	0
8.733834197	0	0
8.739015544	0	0
8.744196891	0	0
8.749378238	0	0
8.754559585	0	0
8.759740933	0	0
8.76492228	0	0
8.770103627	0	0
8.775284974	0	0
8.780466321	0	0
8.785647668	0	0
8.790829016	0	0
8.796010363	0	0
8.80119171	0	0
8.806373057	0	0
8.811554404	0	0
8.816735751	0	0
8.821917098	0	0
8.827098446	0	0
8.832279793	0	0
8.83746114	0	0
8.842642487	0	0
8.847823834	0	0
8.853005181	0	0
8.858186528	0	0
8.863367876	0	0
8.868549223	0	0
8.87373057	0	0
8.878911917	0	0
8.884093264	0	0
8.889274611	0	0
8.894455959	0	0
8.899637306	0	0
8.904818653	0	0
8.91	0	0
8.915181347	0	0
8.920362694	0	0
8.925544041	0	0
8.930725389	0	0
8.935906736	0	0
8.941088083	0	0
8.94626943	0	0
8.951450777	0	0
8.956632124	0	0
8.961813472	0	0
8.966994819	0	0
8.972176166	0	0
8.977357513	0	0
8.98253886	0	0
8.987720207	0	0
8.992901554	0	0
8.998082902	0	0
9.003264249	0	0
9.008445596	0	0
9.013626943	0	0
9.01880829	0	0
9.023989637	0	0
9.029170984	0	0
9.034352332	0	0
9.039533679	0	0
9.044715026	0	0
9.049896373	0	0
9.05507772	0	0
9.060259067	0	0
9.065440415	0	0
9.070621762	0	0
9.075803109	0	0
9.080984456	0	0
9.086165803	0	0
9.09134715	0	0
9.096528497	0	0
9.101709845	0	0
9.106891192	0	0
9.112072539	0	0
9.117253886	0	0
9.122435233	0	0
9.12761658	0	0
9.132797927	0	0
9.137979275	0	0
9.143160622	0	0
9.148341969	0	0
9.153523316	0	0
9.158704663	0	0
9.16388601	0	0
9.169067358	0	0
9.174248705	0	0
9.179430052	0	0
9.184611399	0	0
9.189792746	0	0
9.194974093	0	0
9.20015544	0	0
9.205336788	0	0
9.210518135	0	0
9.215699482	0	0
9.220880829	0	0
9.226062176	0	0
9.231243523	0	0
9.23642487	0	0
9.241606218	0	0
9.246787565	0	0
9.251968912	0	0
9.257150259	0	0
9.262331606	0	0
9.267512953	0	0
9.272694301	0	0
9.277875648	0	0
9.283056995	0	0
9.288238342	0	0
9.293419689	0	0
9.298601036	0	0
9.303782383	0	0
9.308963731	0	0
9.314145078	0	0
9.319326425	0	0
9.324507772	0	0
9.329689119	0	0
9.334870466	0	0
9.340051813	0	0
9.345233161	0	0
9.350414508	0	0
9.355595855	0	0
9.360777202	0	0
9.365958549	0	0
9.371139896	0	0
9.376321244	0	0
9.381502591	0	0
9.386683938	0	0
9.391865285	0	0
9.397046632	0	0
9.402227979	0	0
9.407409326	0	0
9.412590674	0	0
9.417772021	0	0
9.422953368	0	0
9.428134715	0	0
9.433316062	0	0
9.438497409	0	0
9.443678756	0	0
9.448860104	0	0
9.454041451	0	0
9.459222798	0	0
9.464404145	0	0
9.469585492	0	0
9.474766839	0	0
9.479948187	0	0
9.485129534	0	0
9.490310881	0	0
9.495492228	0	0
9.500673575	0	0
9.505854922	0	0
9.511036269	0	0
9.516217617	0	0
9.521398964	0	0
9.526580311	0	0
9.531761658	0	0
9.536943005	0	0
9.542124352	0	0
9.547305699	0	0
9.552487047	0	0
9.557668394	0	0
9.562849741	0	0
9.568031088	0	0
9.573212435	0	0
9.578393782	0	0
9.58357513	0	0
9.588756477	0	0
9.593937824	0	0
9.599119171	0	0
9.604300518	0	0
9.609481865	0	0
9.614663212	0	0
9.61984456	0	0
9.625025907	0	0
9.630207254	0	0
9.635388601	0	0
9.640569948	0	0
9.645751295	0	0
9.650932642	0	0
9.65611399	0	0
9.661295337	0	0
9.666476684	0	0
9.671658031	0	0
9.676839378	0	0
9.682020725	0	0
9.687202073	0	0
9.69238342	0	0
9.697564767	0	0
9.702746114	0	0
9.707927461	0	0
9.713108808	0	0
9.718290155	0	0
9.723471503	0	0
9.72865285	0	0
9.733834197	0	0
9.739015544	0	0
9.744196891	0	0
9.749378238	0	0
9.754559585	0	0
9.759740933	0	0
9.76492228	0	0
9.770103627	0	0
9.775284974	0	0
9.780466321	0	0
9.785647668	0	0
9.790829016	0	0
9.796010363	0	0
9.80119171	0	0
9.806373057	0	0
9.811554404	0	0
9.816735751	0	0
9.821917098	0	0
9.827098446	0	0
9.832279793	0	0
9.83746114	0	0
9.842642487	0	0
9.847823834	0	0
9.853005181	0	0
9.858186528	0	0
9.863367876	0	0
9.868549223	0	0
9.87373057	0	0
9.878911917	0	0
9.884093264	0	0
9.889274611	0	0
9.894455959	0	0
9.899637306	0	0
9.904818653	0	0
9.91	0	0
9.915181347	0	0
9.920362694	0	0
9.925544041	0	0
9.930725389	0	0
9.935906736	0	0
9.941088083	0	0
9.94626943	0	0
9.951450777	0	0
9.956632124	0	0
9.961813472	0	0
9.966994819	0	0
9.972176166	0	0
9.977357513	0	0
9.98253886	0	0
9.987720207	0	0
9.992901554	0	0
9.998082902	0	0
10.00326425	0	0
10.0084456	0	0
10.01362694	0	0
10.01880829	0	0
10.02398964	0	0
10.02917098	0	0
10.03435233	0	0
10.03953368	0	0
10.04471503	0	0
10.04989637	0	0
10.05507772	0	0
10.06025907	0	0
10.06544041	0	0
10.07062176	0	0
10.07580311	0	0
10.08098446	0	0
10.0861658	0	0
10.09134715	0	0
10.0965285	0	0
10.10170984	0	0
10.10689119	0	0
10.11207254	0	0
10.11725389	0	0
10.12243523	0	0
10.12761658	0	0
10.13279793	0	0
10.13797927	0	0
10.14316062	0	0
10.14834197	0	0
10.15352332	0	0
10.15870466	0	0
10.16388601	0	0
10.16906736	0	0
10.1742487	0	0
10.17943005	0	0
10.1846114	0	0
10.18979275	0	0
10.19497409	0	0
10.20015544	0	0
10.20533679	0	0
10.21051813	0	0
10.21569948	0	0
10.22088083	0	0
10.22606218	0	0
10.23124352	0	0
10.23642487	0	0
10.24160622	0	0
10.24678756	0	0
10.25196891	0	0
10.25715026	0	0
10.26233161	0	0
10.26751295	0	0
10.2726943	0	0
10.27787565	0	0
10.28305699	0	0
10.28823834	0	0
10.29341969	0	0
10.29860104	0	0
10.30378238	0	0
10.30896373	0	0
10.31414508	0	0
10.31932642	0	0
10.32450777	0	0
10.32968912	0	0
10.33487047	0	0
10.34005181	0	0
10.34523316	0	0
10.35041451	0	0
10.35559585	0	0
10.3607772	0	0
10.36595855	0	0
10.3711399	0	0
10.37632124	0	0
10.38150259	0	0
10.38668394	0	0
10.39186528	0	0
10.39704663	0	0
10.40222798	0	0
10.40740933	0	0
10.41259067	0	0
10.41777202	0	0
10.42295337	0	0
10.42813472	0	0
10.43331606	0	0
10.43849741	0	0
10.44367876	0	0
10.4488601	0	0
10.45404145	0	0
10.4592228	0	0
10.46440415	0	0
10.46958549	0	0
10.47476684	0	0
10.47994819	0	0
10.48512953	0	0
10.49031088	0	0
10.49549223	0	0
10.50067358	0	0
10.50585492	0	0
10.51103627	0	0
10.51621762	0	0
10.52139896	0	0
10.52658031	0	0
10.53176166	0	0
10.53694301	0	0
10.54212435	0	0
10.5473057	0	0