350.00	177.95
351.00	140.57
352.00	144.17
353.00	170.77
354.00	189.43
355.00	177.63
356.00	156.46
357.00	158.47
358.00	139.81
359.00	141.88
360.00	140.94
361.00	172.65
362.00	157.15
363.00	182.14
364.00	144.76
365.00	139.45
366.00	187.17
367.00	195.88
368.00	175.95
369.00	158.02
370.00	134.61
371.00	112.49
372.00	188.08
373.00	161.61
374.00	142.58
375.00	167.72
376.00	164.62
377.00	155.94
378.00	308.78
379.00	181.96
380.00	183.55
381.00	219.97
382.00	171.05
383.00	163.61
384.00	144.24
385.00	149.85
386.00	145.06
387.00	140.52
388.00	179.04
389.00	320.41
390.00	159.54
391.00	157.75
392.00	141.66
393.00	171.29
394.00	148.18
395.00	273.74
396.00	151.14
397.00	163.00
398.00	171.69
399.00	266.55
400.00	173.35
401.00	189.26
402.00	148.01
403.00	164.03
404.00	184.84
405.00	236.68
406.00	168.51
407.00	189.86
408.00	239.93
409.00	204.63
410.00	220.04
411.00	473.39
412.00	234.82
413.00	199.44
414.00	221.25
415.00	229.31
416.00	228.13
417.00	248.21
418.00	264.75
419.00	273.21
420.00	374.66
421.00	267.84
422.00	302.47
423.00	329.01
424.00	382.31
425.00	363.03
426.00	338.22
427.00	404.85
428.00	391.28
429.00	423.47
430.00	549.30
431.00	413.73
432.00	440.53
433.00	460.05
434.00	554.91
435.00	575.05
436.00	1557.24
437.00	517.78
438.00	450.83
439.00	448.58
440.00	445.44
441.00	501.66
442.00	450.18
443.00	464.80
444.00	488.36
445.00	446.71
446.00	477.30
447.00	494.52
448.00	549.86
449.00	537.21
450.00	517.75
451.00	505.63
452.00	551.31
453.00	535.76
454.00	546.16
455.00	625.09
456.00	581.66
457.00	580.09
458.00	651.16
459.00	629.70
460.00	616.55
461.00	640.89
462.00	638.94
463.00	643.35
464.00	632.16
465.00	662.41
466.00	652.29
467.00	645.99
468.00	629.12
469.00	643.17
470.00	571.05
471.00	591.27
472.00	676.43
473.00	660.42
474.00	634.88
475.00	675.30
476.00	641.30
477.00	681.85
478.00	657.46
479.00	796.20
480.00	725.72
481.00	694.28
482.00	759.69
483.00	764.74
484.00	825.01
485.00	819.26
486.00	1594.49
487.00	1378.54
488.00	958.63
489.00	959.64
490.00	997.07
491.00	1061.90
492.00	1077.77
493.00	1088.94
494.00	1112.99
495.00	1125.29
496.00	1178.78
497.00	1242.68
498.00	1247.71
499.00	1295.92
500.00	1408.17
501.00	1239.13
502.00	1230.22
503.00	1417.33
504.00	1276.60
505.00	1279.39
506.00	1249.55
507.00	1251.83
508.00	1299.48
509.00	1230.83
510.00	1319.54
511.00	1256.51
512.00	1247.80
513.00	1228.68
514.00	1230.00
515.00	1256.25
516.00	1269.77
517.00	1283.83
518.00	1326.18
519.00	1290.30
520.00	1306.31
521.00	1247.32
522.00	1339.46
523.00	1341.65
524.00	1303.93
525.00	1325.03
526.00	1367.39
527.00	1353.29
528.00	1367.93
529.00	1410.16
530.00	1475.03
531.00	1471.19
532.00	1474.64
533.00	1545.79
534.00	1654.69
535.00	1555.99
536.00	1609.38
537.00	1637.80
538.00	1743.19
539.00	1714.25
540.00	1753.20
541.00	1771.49
542.00	2133.60
543.00	1806.32
544.00	1838.78
545.00	1866.26
546.00	2886.55
547.00	2562.35
548.00	1967.55
549.00	1975.93
550.00	1924.89
551.00	1880.48
552.00	1956.63
553.00	1850.17
554.00	1850.51
555.00	1863.14
556.00	1866.55
557.00	1817.42
558.00	1849.56
559.00	1871.06
560.00	1873.91
561.00	1786.44
562.00	1808.68
563.00	1930.69
564.00	1808.09
565.00	1786.92
566.00	1771.87
567.00	1778.77
568.00	1799.44
569.00	1837.20
570.00	1800.68
571.00	1870.34
572.00	1863.56
573.00	2435.63
574.00	1937.66
575.00	1917.41
576.00	1922.98
577.00	1993.69
578.00	1968.37
579.00	2026.60
580.00	2022.80
581.00	1962.52
582.00	2187.76
583.00	2070.60
584.00	2105.55
585.00	2080.68
586.00	2201.28
587.00	2181.79
588.00	2191.17
589.00	2207.25
590.00	2235.25
591.00	2312.42
592.00	2286.31
593.00	2387.23
594.00	2409.72
595.00	2430.98
596.00	2453.63
597.00	2462.71
598.00	2529.87
599.00	2492.73
600.00	2476.04
601.00	2568.24
602.00	2567.13
603.00	2513.64
604.00	2544.52
605.00	2548.27
606.00	2505.53
607.00	2543.07
608.00	2552.87
609.00	2558.62
610.00	2538.57
611.00	2442.15
612.00	2471.96
613.00	2513.56
614.00	2479.84
615.00	2477.26
616.00	2434.09
617.00	2428.73
618.00	2450.85
619.00	2407.64
620.00	2391.73
621.00	2340.65
622.00	2392.22
623.00	2368.86
624.00	2360.61
625.00	2373.65
626.00	2325.71
627.00	2337.48
628.00	2396.58
629.00	2380.71
630.00	2386.03
631.00	2359.06
632.00	2394.39
633.00	2359.90
634.00	2412.95
635.00	2414.83
636.00	2374.74
637.00	2435.90
638.00	2555.49
639.00	2492.40
640.00	2501.15
641.00	2557.89
642.00	2538.92
643.00	2559.30
644.00	2643.38
645.00	2604.10
646.00	2600.46
647.00	2651.18
648.00	2646.60
649.00	2666.17
650.00	2761.30
651.00	2716.19
652.00	2736.43
653.00	2774.59
654.00	2761.03
655.00	2772.62
656.00	4074.34
657.00	4095.11
658.00	4094.79
659.00	3008.35
660.00	2803.82
661.00	2857.89
662.00	2969.55
663.00	2883.45
664.00	2834.64
665.00	2750.63
666.00	2794.40
667.00	2811.65
668.00	2768.75
669.00	2766.51
670.00	2694.65
671.00	2735.69
672.00	2693.38
673.00	2672.61
674.00	2662.37
675.00	2655.59
676.00	2646.83
677.00	2586.53
678.00	2595.56
679.00	2604.53
680.00	2531.43
681.00	2558.25
682.00	2474.58
683.00	2474.76
684.00	2462.72
685.00	2466.99
686.00	2436.96
687.00	2415.45
688.00	2399.65
689.00	2376.78
690.00	2443.91
691.00	2378.50
692.00	2384.75
693.00	2434.43
694.00	2315.37
695.00	2377.18
696.00	2500.80
697.00	2621.58
698.00	2464.54
699.00	2312.78
700.00	2320.65
701.00	2318.86
702.00	2286.30
703.00	2411.78
704.00	2291.52
705.00	2292.25
706.00	2333.39
707.00	2527.51
708.00	2404.28
709.00	2354.82
710.00	2290.44
711.00	2296.46
712.00	2362.10
713.00	2343.21
714.00	2313.32
715.00	2343.00
716.00	2342.28
717.00	2311.30
718.00	2325.24
719.00	2352.21
720.00	2316.81
721.00	2422.46
722.00	2380.30
723.00	2303.81
724.00	2303.66
725.00	2285.34
726.00	2343.15
727.00	2373.35
728.00	2425.41
729.00	2369.29
730.00	2462.76
731.00	2347.19
732.00	2326.61
733.00	2305.73
734.00	2297.91
735.00	2324.88
736.00	2314.55
737.00	2302.68
738.00	2502.72
739.00	2514.90
740.00	2340.81
741.00	2289.78
742.00	2249.23
743.00	2232.91
744.00	2351.74
745.00	2196.47
746.00	2134.35
747.00	2187.07
748.00	2117.63
749.00	2106.51
750.00	2297.35
751.00	2581.31
752.00	2467.56
753.00	2669.98
754.00	2074.56
755.00	1994.05
756.00	2007.76
757.00	1922.17
758.00	1952.64
759.00	1969.10
760.00	2043.55
761.00	1933.75
762.00	1837.20
763.00	2377.04
764.00	2838.14
765.00	2263.97
766.00	1963.85
767.00	1783.31
768.00	1741.84
769.00	1694.70
770.00	1828.16
771.00	1665.83
772.00	1976.53
773.00	2171.42
774.00	1773.94
775.00	1689.66
776.00	1712.80
777.00	1632.85
778.00	1607.13
779.00	1579.40
780.00	1538.72
781.00	1519.16
782.00	1503.42
783.00	1575.74
784.00	1542.10
785.00	1504.33
786.00	1524.96
787.00	1442.63
788.00	1502.07
789.00	1408.97
790.00	1460.59
791.00	1432.49
792.00	1460.55
793.00	1445.76
794.00	1561.17
795.00	1733.82
796.00	1508.50
797.00	1521.59
798.00	1471.61
799.00	1453.48
800.00	1543.07
801.00	1839.22
802.00	1838.31
803.00	1606.55
804.00	1548.37
805.00	1559.46
806.00	1498.19
807.00	1499.08
808.00	1510.30
809.00	1514.37
810.00	1748.33
811.00	2241.03
812.00	2600.37
813.00	2198.52
814.00	1662.27
815.00	1590.38
816.00	1496.25
817.00	1496.73
818.00	1520.99
819.00	1509.89
820.00	1479.20
821.00	1498.06
822.00	1606.78
823.00	1487.09
824.00	1471.60
825.00	1465.27
826.00	1578.48
827.00	1664.07
828.00	1554.49
829.00	1460.68
830.00	1406.48
831.00	1412.43
832.00	1389.06
833.00	1430.59
834.00	1413.75
835.00	1379.69
836.00	1376.95
837.00	1373.88
838.00	1335.75
839.00	1340.14
840.00	1339.15
841.00	1783.73
842.00	1702.89
843.00	1803.46
844.00	1468.57
845.00	1362.11
846.00	1255.37
847.00	1491.42
848.00	1221.21
849.00	1227.28
850.00	1184.06
851.00	1162.67
852.00	1290.21
853.00	1233.81
854.00	1216.57
855.00	1151.10
856.00	1106.27
857.00	1121.50
858.00	1170.81
859.00	1106.80
860.00	1071.20
861.00	1095.64
862.00	1087.99
863.00	1045.00
864.00	961.73
865.00	1036.06
866.00	984.41
867.00	979.50
868.00	924.99
869.00	907.38
870.00	1006.98
871.00	895.25
872.00	890.89
873.00	863.96
874.00	828.64
875.00	832.05
876.00	793.80
877.00	788.35
878.00	789.94
879.00	792.59
880.00	745.82
881.00	766.43
882.00	738.76
883.00	759.71
884.00	738.86
885.00	766.29
886.00	746.99
887.00	748.02
888.00	735.89
889.00	750.89
890.00	727.81
891.00	806.02
892.00	782.17
893.00	743.54
894.00	774.34
895.00	725.78
896.00	702.54
897.00	694.76
898.00	746.69
899.00	723.98
900.00	731.65
901.00	718.31
902.00	958.84
903.00	684.10
904.00	744.58
905.00	677.50
906.00	680.38
907.00	759.98
908.00	710.94
909.00	807.15
910.00	725.78
911.00	662.98
912.00	856.64
913.00	897.18
914.00	719.56
915.00	708.12
916.00	694.96
917.00	1575.21
918.00	627.55
919.00	603.95
920.00	604.44
921.00	615.69
922.00	635.77
923.00	681.79
924.00	573.39
925.00	596.85
926.00	579.99
927.00	551.55
928.00	559.33
929.00	541.85
930.00	513.31
931.00	515.18
932.00	487.49
933.00	482.74
934.00	506.23
935.00	625.72
936.00	477.76
937.00	447.14
938.00	421.23
939.00	414.06
940.00	596.20
941.00	361.23
942.00	346.29
943.00	360.36
944.00	433.07
945.00	343.85
946.00	360.28
947.00	321.81
948.00	402.90
949.00	320.58
950.00	342.62
951.00	327.09
952.00	325.83
953.00	348.97
954.00	324.39
955.00	328.28
956.00	343.42
957.00	348.56
958.00	408.54
959.00	343.06
960.00	368.37
961.00	359.68
962.00	355.11
963.00	355.42
964.00	365.75
965.00	344.87
966.00	492.36
967.00	358.64
968.00	335.23
969.00	390.38
970.00	344.63
971.00	309.41
972.00	329.86
973.00	313.81
974.00	331.32
975.00	329.60
976.00	303.31
977.00	301.05
978.00	343.70
979.00	293.81
980.00	317.02
981.00	260.32
982.00	332.92
983.00	300.20
984.00	278.94
985.00	281.35
986.00	333.11
987.00	257.82
988.00	359.25
989.00	239.27
990.00	284.64
991.00	252.08
992.00	254.09
993.00	260.76
994.00	224.24
995.00	262.35
996.00	264.12
997.00	241.26
998.00	264.28
999.00	230.19
1000.00	219.02
