350.00	136.71
351.00	126.99
352.00	133.38
353.00	139.73
354.00	143.93
355.00	137.31
356.00	134.49
357.00	134.37
358.00	131.00
359.00	128.55
360.00	133.84
361.00	140.93
362.00	134.42
363.00	135.95
364.00	133.34
365.00	128.71
366.00	147.14
367.00	142.37
368.00	139.06
369.00	134.89
370.00	125.50
371.00	132.46
372.00	144.11
373.00	135.77
374.00	139.85
375.00	140.40
376.00	133.61
377.00	131.94
378.00	171.67
379.00	139.09
380.00	136.90
381.00	153.67
382.00	139.50
383.00	132.58
384.00	133.27
385.00	137.89
386.00	132.23
387.00	132.96
388.00	145.30
389.00	173.28
390.00	138.14
391.00	134.93
392.00	135.80
393.00	138.48
394.00	136.03
395.00	161.67
396.00	133.63
397.00	133.00
398.00	137.92
399.00	157.32
400.00	142.82
401.00	142.04
402.00	132.02
403.00	140.14
404.00	138.30
405.00	136.52
406.00	135.49
407.00	137.27
408.00	144.36
409.00	140.80
410.00	144.45
411.00	204.49
412.00	147.09
413.00	130.94
414.00	139.57
415.00	133.45
416.00	133.03
417.00	141.13
418.00	145.71
419.00	140.57
420.00	156.50
421.00	137.45
422.00	139.55
423.00	141.29
424.00	148.40
425.00	142.71
426.00	136.42
427.00	150.94
428.00	139.65
429.00	147.91
430.00	164.28
431.00	135.91
432.00	143.15
433.00	143.07
434.00	135.81
435.00	133.31
436.00	136.06
437.00	143.88
438.00	143.76
439.00	142.74
440.00	136.59
441.00	152.92
442.00	128.68
443.00	140.47
444.00	136.97
445.00	133.70
446.00	141.21
447.00	139.58
448.00	152.01
449.00	151.07
450.00	137.68
451.00	133.62
452.00	133.81
453.00	135.54
454.00	133.58
455.00	144.21
456.00	132.77
457.00	135.97
458.00	141.62
459.00	136.45
460.00	138.02
461.00	135.86
462.00	132.87
463.00	138.99
464.00	131.46
465.00	140.00
466.00	137.08
467.00	131.93
468.00	137.59
469.00	135.06
470.00	113.47
471.00	123.43
472.00	148.84
473.00	143.30
474.00	128.58
475.00	145.67
476.00	132.22
477.00	140.56
478.00	134.03
479.00	159.66
480.00	137.09
481.00	130.94
482.00	139.34
483.00	136.10
484.00	141.37
485.00	143.36
486.00	134.46
487.00	136.49
488.00	144.38
489.00	138.65
490.00	140.21
491.00	149.76
492.00	139.52
493.00	141.62
494.00	133.00
495.00	132.36
496.00	133.18
497.00	142.88
498.00	140.52
499.00	144.11
500.00	173.30
501.00	132.78
502.00	136.07
503.00	166.36
504.00	138.55
505.00	140.47
506.00	132.27
507.00	137.45
508.00	151.74
509.00	131.13
510.00	141.00
511.00	136.35
512.00	133.17
513.00	133.86
514.00	126.63
515.00	137.07
516.00	137.83
517.00	139.42
518.00	149.20
519.00	141.04
520.00	141.33
521.00	134.01
522.00	151.02
523.00	138.48
524.00	136.37
525.00	132.78
526.00	134.44
527.00	134.46
528.00	134.38
529.00	136.56
530.00	148.47
531.00	137.71
532.00	136.45
533.00	141.20
534.00	155.28
535.00	136.58
536.00	136.56
537.00	136.21
538.00	150.04
539.00	140.74
540.00	146.07
541.00	137.55
542.00	214.93
543.00	133.38
544.00	136.54
545.00	137.88
546.00	137.06
547.00	154.99
548.00	138.17
549.00	155.09
550.00	139.13
551.00	136.00
552.00	151.96
553.00	129.95
554.00	137.29
555.00	136.60
556.00	139.18
557.00	129.64
558.00	137.31
559.00	145.85
560.00	143.33
561.00	134.74
562.00	138.75
563.00	160.64
564.00	137.62
565.00	135.01
566.00	132.79
567.00	130.52
568.00	143.53
569.00	142.59
570.00	134.41
571.00	129.97
572.00	141.77
573.00	268.80
574.00	144.43
575.00	132.10
576.00	137.16
577.00	134.95
578.00	133.43
579.00	133.00
580.00	127.05
581.00	132.79
582.00	165.17
583.00	131.77
584.00	134.65
585.00	137.17
586.00	147.43
587.00	138.85
588.00	135.06
589.00	130.92
590.00	132.57
591.00	138.78
592.00	131.59
593.00	141.10
594.00	140.68
595.00	142.05
596.00	136.35
597.00	129.99
598.00	137.96
599.00	128.03
600.00	128.39
601.00	137.61
602.00	142.85
603.00	129.21
604.00	138.26
605.00	129.78
606.00	138.79
607.00	134.13
608.00	142.81
609.00	142.93
610.00	144.29
611.00	130.98
612.00	136.89
613.00	136.18
614.00	129.52
615.00	135.15
616.00	139.11
617.00	127.94
618.00	134.13
619.00	132.67
620.00	133.00
621.00	132.29
622.00	136.10
623.00	132.17
624.00	134.28
625.00	128.84
626.00	133.96
627.00	134.43
628.00	143.33
629.00	140.67
630.00	137.50
631.00	136.18
632.00	134.94
633.00	131.74
634.00	131.49
635.00	134.17
636.00	128.20
637.00	135.21
638.00	157.90
639.00	132.95
640.00	131.77
641.00	138.10
642.00	133.17
643.00	129.96
644.00	151.84
645.00	132.76
646.00	133.55
647.00	138.22
648.00	136.02
649.00	128.79
650.00	136.26
651.00	131.41
652.00	132.34
653.00	137.39
654.00	136.64
655.00	136.97
656.00	141.16
657.00	152.87
658.00	134.12
659.00	136.86
660.00	126.75
661.00	133.32
662.00	163.80
663.00	151.19
664.00	147.97
665.00	133.04
666.00	132.71
667.00	138.12
668.00	139.78
669.00	131.79
670.00	127.54
671.00	132.56
672.00	126.76
673.00	135.17
674.00	135.85
675.00	138.34
676.00	137.39
677.00	135.61
678.00	136.05
679.00	140.14
680.00	129.11
681.00	141.77
682.00	135.39
683.00	129.69
684.00	130.65
685.00	132.69
686.00	134.88
687.00	130.48
688.00	125.27
689.00	135.94
690.00	142.94
691.00	135.23
692.00	132.26
693.00	152.30
694.00	132.04
695.00	135.02
696.00	149.06
697.00	133.48
698.00	138.35
699.00	127.24
700.00	132.25
701.00	135.36
702.00	133.68
703.00	149.43
704.00	125.84
705.00	128.98
706.00	134.62
707.00	150.83
708.00	133.71
709.00	138.32
710.00	130.58
711.00	134.07
712.00	143.68
713.00	128.54
714.00	136.68
715.00	124.99
716.00	132.68
717.00	144.29
718.00	136.03
719.00	136.01
720.00	140.81
721.00	158.18
722.00	145.26
723.00	133.35
724.00	130.48
725.00	125.80
726.00	137.28
727.00	135.04
728.00	143.26
729.00	136.97
730.00	155.56
731.00	136.63
732.00	135.79
733.00	129.18
734.00	125.36
735.00	133.65
736.00	135.83
737.00	127.83
738.00	132.91
739.00	131.09
740.00	131.50
741.00	129.67
742.00	129.70
743.00	137.27
744.00	172.55
745.00	134.47
746.00	131.53
747.00	140.11
748.00	134.44
749.00	133.74
750.00	130.22
751.00	135.83
752.00	132.57
753.00	252.63
754.00	133.47
755.00	137.00
756.00	139.65
757.00	133.82
758.00	133.62
759.00	144.94
760.00	165.71
761.00	146.32
762.00	127.56
763.00	128.13
764.00	131.90
765.00	149.09
766.00	146.53
767.00	131.93
768.00	126.73
769.00	133.32
770.00	160.49
771.00	127.43
772.00	146.75
773.00	173.08
774.00	137.32
775.00	135.52
776.00	139.95
777.00	140.72
778.00	145.00
779.00	131.89
780.00	129.71
781.00	128.34
782.00	132.77
783.00	145.73
784.00	137.96
785.00	136.16
786.00	133.00
787.00	128.79
788.00	139.98
789.00	136.23
790.00	132.10
791.00	140.72
792.00	136.14
793.00	135.30
794.00	149.60
795.00	135.34
796.00	130.51
797.00	127.77
798.00	128.33
799.00	138.11
800.00	141.04
801.00	141.66
802.00	129.75
803.00	129.45
804.00	129.43
805.00	141.56
806.00	131.28
807.00	138.62
808.00	140.90
809.00	135.75
810.00	136.55
811.00	134.91
812.00	133.69
813.00	201.21
814.00	129.45
815.00	143.93
816.00	133.72
817.00	136.15
818.00	140.17
819.00	135.62
820.00	128.93
821.00	142.51
822.00	161.53
823.00	132.42
824.00	127.57
825.00	135.70
826.00	134.39
827.00	128.00
828.00	143.94
829.00	131.59
830.00	130.58
831.00	134.01
832.00	129.15
833.00	135.24
834.00	135.33
835.00	136.20
836.00	134.17
837.00	132.98
838.00	130.63
839.00	137.06
840.00	135.98
841.00	155.13
842.00	126.00
843.00	133.34
844.00	138.03
845.00	131.63
846.00	132.46
847.00	186.88
848.00	132.16
849.00	140.43
850.00	127.74
851.00	131.04
852.00	126.86
853.00	125.20
854.00	143.22
855.00	131.33
856.00	137.49
857.00	131.32
858.00	141.63
859.00	140.16
860.00	136.09
861.00	149.90
862.00	144.41
863.00	137.55
864.00	133.09
865.00	151.05
866.00	135.39
867.00	138.75
868.00	131.78
869.00	128.39
870.00	153.13
871.00	134.71
872.00	136.65
873.00	133.19
874.00	132.86
875.00	137.14
876.00	131.52
877.00	132.46
878.00	135.78
879.00	137.43
880.00	132.04
881.00	133.39
882.00	129.92
883.00	131.17
884.00	134.23
885.00	138.82
886.00	134.89
887.00	130.57
888.00	127.76
889.00	142.10
890.00	137.18
891.00	150.26
892.00	139.07
893.00	131.30
894.00	139.23
895.00	129.70
896.00	129.60
897.00	133.51
898.00	138.47
899.00	132.86
900.00	135.08
901.00	133.38
902.00	186.68
903.00	133.52
904.00	143.63
905.00	132.87
906.00	137.53
907.00	144.52
908.00	130.93
909.00	164.29
910.00	146.19
911.00	131.47
912.00	129.95
913.00	140.79
914.00	127.55
915.00	137.86
916.00	143.60
917.00	344.15
918.00	132.32
919.00	132.72
920.00	132.99
921.00	136.19
922.00	131.28
923.00	135.74
924.00	128.79
925.00	139.93
926.00	136.27
927.00	132.33
928.00	135.82
929.00	130.07
930.00	133.14
931.00	129.29
932.00	127.39
933.00	131.90
934.00	133.30
935.00	162.74
936.00	136.98
937.00	134.62
938.00	137.05
939.00	134.80
940.00	183.56
941.00	133.97
942.00	131.80
943.00	133.01
944.00	163.28
945.00	136.91
946.00	142.79
947.00	128.08
948.00	149.02
949.00	133.82
950.00	134.81
951.00	131.53
952.00	131.00
953.00	134.16
954.00	133.32
955.00	130.01
956.00	132.10
957.00	136.15
958.00	149.09
959.00	134.13
960.00	139.29
961.00	135.56
962.00	137.55
963.00	132.80
964.00	137.04
965.00	129.06
966.00	157.81
967.00	134.91
968.00	131.57
969.00	140.04
970.00	134.70
971.00	127.80
972.00	137.98
973.00	132.20
974.00	127.23
975.00	134.03
976.00	131.36
977.00	132.00
978.00	138.08
979.00	128.96
980.00	135.24
981.00	123.10
982.00	136.60
983.00	137.49
984.00	130.81
985.00	132.54
986.00	144.30
987.00	127.85
988.00	147.63
989.00	132.50
990.00	138.81
991.00	128.02
992.00	127.29
993.00	134.63
994.00	133.38
995.00	134.25
996.00	136.12
997.00	134.12
998.00	136.68
999.00	131.51
1000.00	133.20
